2021-12-30 22:02:04 , 0.0 , 0.716 , 0.978 , 0.5965 , 1.0534 , 35.78
2021-12-30 22:02:14 , 0.003 , 0.9671 , 0.5799 , 0.9242 , 0.5668 , 35.242
2021-12-30 22:02:25 , 0.006 , 0.2798 , 1.5303 , 0.2844 , 1.5406 , 35.242
2021-12-30 22:02:35 , 0.009 , 1.2803 , 0.313 , 1.2846 , 0.3264 , 36.318
2021-12-30 22:02:45 , 0.011 , 1.5443 , 0.1675 , 1.549 , 0.1835 , 35.78
2021-12-30 22:02:55 , 0.014 , 0.0176 , 1.6857 , -0.0117 , 1.6922 , 35.242
2021-12-30 22:03:05 , 0.017 , 1.6988 , 0.0956 , 1.705 , 0.0882 , 35.242
2021-12-30 22:03:16 , 0.02 , 0.6387 , 0.783 , 0.6454 , 0.7293 , 34.704
2021-12-30 22:03:26 , 0.023 , 0.3295 , 1.266 , 0.3135 , 1.242 , 35.242
2021-12-30 22:03:36 , 0.026 , 1.5269 , 0.1754 , 1.5366 , 0.1868 , 34.704
2021-12-30 22:03:46 , 0.028 , 0.0084 , 1.7393 , -0.0159 , 1.7398 , 35.78
2021-12-30 22:03:56 , 0.031 , 1.7292 , -0.019 , 1.7378 , -0.0199 , 34.704
2021-12-30 22:04:07 , 0.034 , 0.2774 , 1.386 , 0.2644 , 1.3621 , 35.78
2021-12-30 22:04:17 , 0.037 , 0.5024 , 1.0552 , 0.5029 , 1.0958 , 34.704
2021-12-30 22:04:27 , 0.04 , 1.7362 , 0.0184 , 1.7475 , 0.0172 , 34.704
2021-12-30 22:04:37 , 0.043 , 0.0008 , 1.7355 , -0.022 , 1.7373 , 34.704
2021-12-30 22:04:48 , 0.045 , 1.7377 , 0.0255 , 1.7442 , 0.0219 , 35.242
2021-12-30 22:04:58 , 0.048 , 0.3028 , 1.4873 , 0.3316 , 1.468 , 34.704
2021-12-30 22:05:08 , 0.051 , 1.115 , 0.512 , 1.0711 , 0.5 , 35.242
2021-12-30 22:05:18 , 0.054 , 0.7542 , 0.5779 , 0.766 , 0.601 , 34.704
KeyboardInterrupt at: 20211230_220521
2021-12-30 22:07:21 , 0.0 , 0.6115 , 0.998 , 0.7445 , 0.8428 , 35.78
2021-12-30 22:07:32 , 0.003 , 1.3189 , 0.3939 , 1.3414 , 0.3903 , 34.704
2021-12-30 22:07:42 , 0.006 , 1.6348 , 0.0565 , 1.6325 , 0.063 , 34.704
2021-12-30 22:07:52 , 0.009 , 1.0144 , 0.5262 , 1.0332 , 0.5405 , 34.704
2021-12-30 22:08:02 , 0.011 , 1.7221 , 0.0489 , 1.7312 , 0.0495 , 34.704
2021-12-30 22:08:13 , 0.014 , 0.8389 , 0.5295 , 0.8184 , 0.5526 , 34.704
2021-12-30 22:08:23 , 0.017 , 0.0376 , 1.7396 , 0.0244 , 1.7408 , 34.166
2021-12-30 22:08:33 , 0.02 , 0.7662 , 0.6424 , 0.8059 , 0.6198 , 34.704
2021-12-30 22:08:43 , 0.023 , 1.6448 , 0.043 , 1.636 , 0.0613 , 34.704
2021-12-30 22:08:53 , 0.026 , 0.2935 , 1.5229 , 0.2767 , 1.5442 , 34.704
2021-12-30 22:09:04 , 0.028 , 0.4057 , 1.0429 , 0.4105 , 1.0155 , 34.704
2021-12-30 22:09:14 , 0.031 , -0.0013 , 1.721 , -0.0249 , 1.7218 , 34.704
2021-12-30 22:09:24 , 0.034 , 0.9882 , 0.5388 , 0.9808 , 0.5405 , 34.166
2021-12-30 22:09:34 , 0.037 , 1.6462 , 0.0414 , 1.6368 , 0.0608 , 34.166
2021-12-30 22:09:45 , 0.04 , 0.09 , 1.7061 , 0.0777 , 1.7136 , 34.704
2021-12-30 22:09:55 , 0.043 , 1.0065 , 0.5276 , 1.0442 , 0.5067 , 34.166
2021-12-30 22:10:05 , 0.045 , 1.6269 , 0.07 , 1.614 , 0.0923 , 34.704
2021-12-30 22:10:15 , 0.048 , 0.1703 , 1.6421 , 0.156 , 1.6552 , 35.78
2021-12-30 22:10:25 , 0.051 , 0.6005 , 0.7528 , 0.6247 , 0.7332 , 34.704
2021-12-30 22:10:36 , 0.054 , 1.5205 , 0.1933 , 1.5106 , 0.2051 , 34.704
2021-12-30 22:10:46 , 0.057 , 0.0053 , 1.7399 , -0.0163 , 1.7389 , 34.166
2021-12-30 22:10:56 , 0.06 , 1.3845 , 0.362 , 1.4162 , 0.3427 , 34.704
2021-12-30 22:11:06 , 0.063 , 1.3775 , 0.2728 , 1.3405 , 0.2875 , 34.166
2021-12-30 22:11:16 , 0.065 , 0.4164 , 0.9979 , 0.4158 , 0.997 , 34.704
2021-12-30 22:11:27 , 0.068 , 0.0532 , 1.7327 , 0.0462 , 1.7347 , 34.166
2021-12-30 22:11:37 , 0.071 , 1.5232 , 0.2863 , 1.537 , 0.2734 , 34.166
2021-12-30 22:11:47 , 0.074 , 1.1313 , 0.4639 , 1.2203 , 0.3498 , 36.318
2021-12-30 22:11:57 , 0.077 , 0.4139 , 1.017 , 0.4337 , 0.9721 , 34.704
2021-12-30 22:12:08 , 0.08 , 1.7312 , 0.022 , 1.7408 , 0.0135 , 34.704
2021-12-30 22:12:18 , 0.082 , 0.9627 , 0.462 , 0.923 , 0.4899 , 34.166
2021-12-30 22:12:28 , 0.085 , 0.7883 , 0.9338 , 0.6172 , 1.1146 , 35.242
2021-12-30 22:12:28 , 0.0 , 1.0365 , 0.7049 , 0.9122 , 0.8099 , 35.78
2021-12-30 22:12:38 , 0.088 , 1.7248 , -0.0201 , 1.7299 , -0.0226 , 34.166
2021-12-30 22:12:38 , 0.003 , 1.1841 , 0.3509 , 1.148 , 0.3674 , 34.704
2021-12-30 22:12:48 , 0.091 , 0.6549 , 0.7833 , 0.6352 , 0.8232 , 34.704
2021-12-30 22:12:49 , 0.006 , 0.1917 , 1.6209 , 0.1838 , 1.6281 , 34.704
2021-12-30 22:12:59 , 0.094 , 0.2979 , 1.3332 , 0.3669 , 1.4475 , 36.318
2021-12-30 22:12:59 , 0.009 , 0.8911 , 0.8332 , 0.7361 , 0.9889 , 35.78
2021-12-30 22:13:09 , 0.097 , 1.1022 , 0.3806 , 1.0856 , 0.385 , 34.704
2021-12-30 22:13:09 , 0.011 , 1.1166 , 0.4765 , 1.1548 , 0.4582 , 34.704
2021-12-30 22:13:19 , 0.099 , 1.4719 , 0.3247 , 1.4849 , 0.3211 , 34.704
2021-12-30 22:13:19 , 0.014 , 1.6686 , 0.0085 , 1.6628 , 0.0234 , 34.704
2021-12-30 22:13:29 , 0.102 , 1.6502 , 0.032 , 1.6433 , 0.0445 , 34.704
2021-12-30 22:13:30 , 0.017 , 0.5085 , 1.0883 , 0.4881 , 1.1325 , 34.704
2021-12-30 22:13:38 , 0.0 , 0.9898 , 0.5654 , 1.0573 , 0.4644 , 35.78
2021-12-30 22:13:39 , 0.105 , 1.1513 , 0.4627 , 1.3243 , 0.3092 , 35.242
2021-12-30 22:13:40 , 0.02 , 0.062 , 1.7241 , 0.0516 , 1.7287 , 35.242
2021-12-30 22:13:49 , 0.003 , 0.0021 , 1.734 , -0.0202 , 1.7333 , 34.166
2021-12-30 22:13:50 , 0.108 , 1.7334 , 0.0006 , 1.7411 , -0.006 , 34.704
2021-12-30 22:13:50 , 0.023 , 0.0088 , 1.7388 , -0.0109 , 1.7369 , 34.704
2021-12-30 22:13:59 , 0.006 , 0.0777 , 1.6343 , 0.0583 , 1.6313 , 34.704
2021-12-30 22:14:00 , 0.111 , 1.4541 , 0.2158 , 1.5027 , 0.1769 , 34.166
2021-12-30 22:14:00 , 0.026 , 0.2556 , 1.3988 , 0.2607 , 1.3926 , 34.704
2021-12-30 22:14:09 , 0.009 , 0.1332 , 1.5839 , 0.1333 , 1.5847 , 34.704
2021-12-30 22:14:10 , 0.114 , 1.3218 , 0.2891 , 1.3113 , 0.294 , 34.166
2021-12-30 22:14:10 , 0.028 , 0.4167 , 1.0094 , 0.4267 , 1.0232 , 34.704
KeyboardInterrupt at: 20211230_221417
2021-12-30 22:14:20 , 0.116 , 0.7578 , 0.7468 , 0.7638 , 0.7468 , 34.704
2021-12-30 22:14:21 , 0.031 , 0.9195 , 0.5806 , 0.9081 , 0.5885 , 34.704
2021-12-30 22:14:31 , 0.119 , 0.3293 , 1.1249 , 0.2728 , 1.1248 , 34.166
2021-12-30 22:14:31 , 0.034 , 0.478 , 1.0086 , 0.4089 , 0.9793 , 34.704
2021-12-30 22:37:23 , 0.0 , 0.5023 , 1.0899 , 0.5672 , 1.0494 , 35.78
2021-12-30 22:37:33 , 0.003 , 0.7835 , 0.6527 , 0.8005 , 0.6257 , 34.704
KeyboardInterrupt at: 20211230_223736
2021-12-30 22:37:58 , 0.0 , 0.4512 , 1.1282 , 0.502 , 1.0983 , 35.78
2021-12-30 22:38:08 , 0.003 , 1.4541 , 0.2299 , 1.4461 , 0.2386 , 35.242
KeyboardInterrupt at: 20211230_223815
2021-12-30 22:38:56 , 0.0 , 0.2546 , 1.389 , 0.2549 , 1.359 , 37.932
2021-12-30 22:39:06 , 0.003 , 0.1864 , 1.5112 , 0.1919 , 1.4831 , 36.318
2021-12-30 22:39:31 , 0.01 , 1.5513 , 0.2614 , 1.5563 , 0.2541 , 36.856
2021-12-30 22:39:42 , 0.013 , 1.702 , 0.0767 , 1.7141 , 0.0719 , 35.78
2021-12-30 22:39:52 , 0.016 , 1.7222 , 0.0425 , 1.732 , 0.0322 , 35.78
2021-12-30 22:40:02 , 0.018 , 0.261 , 1.5595 , 0.2563 , 1.5614 , 35.78
2021-12-30 22:40:12 , 0.021 , 0.1856 , 1.5369 , 0.1894 , 1.5217 , 35.242
2021-12-30 22:40:22 , 0.024 , 1.5227 , 0.288 , 1.528 , 0.2666 , 34.704
2021-12-30 22:40:33 , 0.027 , 1.3419 , 0.2859 , 1.3051 , 0.3016 , 34.704
2021-12-30 22:40:43 , 0.03 , 0.2145 , 1.505 , 0.2131 , 1.4892 , 34.704
2021-12-30 22:40:53 , 0.033 , 0.8165 , 0.6228 , 0.847 , 0.6036 , 34.704
2021-12-30 22:41:03 , 0.035 , 1.4985 , 0.2957 , 1.5221 , 0.2752 , 34.704
2021-12-30 22:41:14 , 0.038 , 1.7288 , -0.009 , 1.7351 , -0.0151 , 34.704
2021-12-30 22:41:24 , 0.041 , 0.3932 , 1.3604 , 0.3834 , 1.3902 , 34.166
2021-12-30 22:41:34 , 0.044 , 0.1878 , 1.6265 , 0.1742 , 1.6278 , 34.704
2021-12-30 22:41:44 , 0.047 , 1.3261 , 0.4011 , 1.3267 , 0.3944 , 34.704
2021-12-30 22:41:54 , 0.05 , 1.2584 , 0.4219 , 1.2617 , 0.4248 , 34.704
2021-12-30 22:42:05 , 0.053 , 0.4949 , 0.877 , 0.5223 , 0.8387 , 34.704
2021-12-30 22:42:15 , 0.055 , 0.4668 , 0.8986 , 0.4788 , 0.8847 , 34.166
2021-12-30 22:42:25 , 0.058 , 1.4058 , 0.3516 , 1.4377 , 0.3315 , 34.704
2021-12-30 22:42:35 , 0.061 , 1.5767 , 0.1321 , 1.5541 , 0.1537 , 34.166
2021-12-30 22:42:45 , 0.064 , 0.4044 , 1.3358 , 0.3848 , 1.376 , 34.166
2021-12-30 22:42:56 , 0.067 , -0.003 , 1.7121 , -0.0272 , 1.7064 , 34.704
2021-12-30 22:43:06 , 0.07 , 0.4398 , 0.9588 , 0.4498 , 0.9341 , 34.166
2021-12-30 22:43:16 , 0.072 , 1.3925 , 0.359 , 1.4267 , 0.3377 , 34.704
2021-12-30 22:43:26 , 0.075 , 1.6918 , -0.0129 , 1.6892 , -0.0038 , 34.166
2021-12-30 22:43:37 , 0.078 , 1.2037 , 0.3431 , 1.1671 , 0.3601 , 34.166
2021-12-30 22:43:47 , 0.081 , 0.4837 , 1.1508 , 0.4643 , 1.1997 , 33.628
2021-12-30 22:43:57 , 0.084 , 0.0175 , 1.74 , 0.0039 , 1.7399 , 35.242
2021-12-30 22:44:07 , 0.087 , 0.4119 , 1.0103 , 0.4218 , 0.9921 , 34.166
2021-12-30 22:44:17 , 0.089 , 1.4728 , 0.3263 , 1.489 , 0.3127 , 34.704
2021-12-30 22:44:28 , 0.092 , 1.6979 , 0.0845 , 1.7083 , 0.0735 , 34.704
2021-12-30 22:44:38 , 0.095 , 1.6734 , 0.0048 , 1.6692 , 0.0184 , 34.166
2021-12-30 22:44:48 , 0.098 , 1.6301 , 0.0619 , 1.6182 , 0.0852 , 34.166
2021-12-30 22:44:58 , 0.101 , 0.6188 , 0.8443 , 0.613 , 0.8647 , 34.166
2021-12-30 22:45:09 , 0.104 , 0.8048 , 0.9669 , 0.8925 , 0.7252 , 34.704
2021-12-30 22:45:19 , 0.106 , 0.1275 , 1.6751 , 0.1143 , 1.6855 , 34.704
2021-12-30 22:45:29 , 0.109 , 0.6603 , 0.7694 , 0.6401 , 0.8063 , 34.704
2021-12-30 22:45:39 , 0.112 , 1.7317 , 0.0268 , 1.7425 , 0.0201 , 34.166
2021-12-30 22:45:49 , 0.115 , 1.2877 , 0.3064 , 1.2656 , 0.3101 , 34.166
2021-12-30 22:46:00 , 0.118 , 0.54 , 1.0275 , 0.5192 , 1.0773 , 34.166
2021-12-30 22:46:10 , 0.121 , 0.0815 , 1.7112 , 0.069 , 1.7184 , 34.166
2021-12-30 22:46:20 , 0.123 , 0.1894 , 1.5172 , 0.1904 , 1.4912 , 34.704
2021-12-30 22:46:30 , 0.126 , 0.3907 , 1.0559 , 0.4132 , 1.0133 , 34.166
2021-12-30 22:46:40 , 0.129 , 1.0479 , 0.5308 , 1.0437 , 0.5098 , 34.704
2021-12-30 22:46:51 , 0.132 , 0.007 , 1.7349 , -0.0171 , 1.7327 , 33.628
2021-12-30 22:47:01 , 0.135 , 0.0563 , 1.6441 , 0.034 , 1.6597 , 34.166
2021-12-30 22:47:11 , 0.138 , 0.0898 , 1.6208 , 0.0741 , 1.6213 , 33.628
2021-12-30 22:47:21 , 0.14 , 0.279 , 1.3542 , 0.2756 , 1.3576 , 34.166
2021-12-30 22:47:32 , 0.143 , 0.48 , 1.2939 , 0.3238 , 1.2948 , 34.704
2021-12-30 22:47:42 , 0.146 , 0.5187 , 1.0563 , 0.5074 , 1.0818 , 34.704
2021-12-30 22:47:52 , 0.149 , 0.2233 , 1.5953 , 0.2061 , 1.6104 , 34.704
2021-12-30 22:48:02 , 0.152 , 1.1103 , 0.4855 , 1.1256 , 0.4791 , 34.166
2021-12-30 22:48:12 , 0.155 , 0.6374 , 0.812 , 0.626 , 0.8188 , 34.166
2021-12-30 22:48:23 , 0.158 , 0.937 , 0.4747 , 0.9022 , 0.5071 , 33.628
2021-12-30 22:48:33 , 0.16 , 1.1781 , 0.3548 , 1.159 , 0.363 , 34.166
2021-12-30 22:48:43 , 0.163 , 1.2928 , 0.3069 , 1.2552 , 0.3246 , 34.166
2021-12-30 22:48:53 , 0.166 , 1.3614 , 0.2794 , 1.3233 , 0.2965 , 34.704
2021-12-30 22:49:04 , 0.169 , 0.5608 , 1.0563 , 0.5625 , 1.0523 , 35.242
2021-12-30 22:49:14 , 0.172 , 1.6987 , 0.0863 , 1.71 , 0.0736 , 34.704
2021-12-30 22:49:24 , 0.175 , 1.7338 , 0.0225 , 1.7436 , 0.0194 , 34.704
2021-12-30 22:49:34 , 0.177 , 1.533 , 0.275 , 1.5488 , 0.2576 , 34.704
2021-12-30 22:49:44 , 0.18 , 1.1805 , 0.4533 , 1.2298 , 0.4324 , 34.166
2021-12-30 22:49:55 , 0.183 , 1.4341 , 0.3318 , 1.4676 , 0.3101 , 34.704
2021-12-30 22:50:05 , 0.186 , 1.523 , 0.1908 , 1.4056 , 0.3406 , 34.704
2021-12-30 22:50:15 , 0.189 , 0.0915 , 1.6159 , 0.0892 , 1.616 , 35.78
2021-12-30 22:50:25 , 0.192 , 1.6627 , 0.1074 , 1.6618 , 0.0838 , 36.856
2021-12-30 22:50:52 , 0.0 , 0.5693 , 1.0797 , 0.7614 , 1.0175 , 38.47
2021-12-30 22:51:02 , 0.003 , 1.7227 , -0.0211 , 1.7284 , -0.0234 , 36.856
2021-12-30 22:51:28 , 0.01 , 1.716 , 0.0618 , 1.723 , 0.0665 , 36.856
2021-12-30 22:51:39 , 0.013 , 1.6566 , 0.1433 , 1.6651 , 0.1359 , 36.318
2021-12-30 22:51:49 , 0.016 , 1.5421 , 0.2629 , 1.5575 , 0.2451 , 35.242
2021-12-30 22:51:59 , 0.019 , 1.6893 , 0.0997 , 1.6996 , 0.0877 , 35.242
2021-12-30 22:52:09 , 0.022 , 0.8525 , 0.4909 , 0.8668 , 0.5199 , 35.242
2021-12-30 22:52:19 , 0.024 , 1.0826 , 0.4489 , 1.0931 , 0.4682 , 35.78
2021-12-30 22:52:30 , 0.027 , -0.0008 , 1.7184 , -0.02 , 1.7107 , 35.242
2021-12-30 22:52:40 , 0.03 , 0.2776 , 1.331 , 0.2919 , 1.2919 , 34.704
2021-12-30 22:52:50 , 0.033 , 0.9694 , 0.5507 , 0.991 , 0.5418 , 35.242
2021-12-30 22:53:00 , 0.036 , 1.2668 , 0.4186 , 1.3037 , 0.4021 , 34.704
2021-12-30 22:53:11 , 0.039 , 1.5246 , 0.2754 , 1.5451 , 0.2566 , 34.704
2021-12-30 22:53:21 , 0.041 , 1.3354 , 0.2872 , 1.3253 , 0.2939 , 34.704
2021-12-30 22:53:31 , 0.044 , 1.3664 , 0.2727 , 1.3486 , 0.2787 , 34.704
2021-12-30 22:53:41 , 0.047 , 1.2941 , 0.3069 , 1.2583 , 0.3197 , 34.704
2021-12-30 22:53:51 , 0.05 , -0.0045 , 1.7314 , -0.0231 , 1.7297 , 34.704
2021-12-30 22:54:02 , 0.053 , 0.0428 , 1.7396 , 0.0249 , 1.7427 , 34.704
2021-12-30 22:54:12 , 0.056 , 1.137 , 0.593 , 0.9908 , 0.7642 , 35.78
2021-12-30 22:54:22 , 0.058 , 1.1649 , 0.4617 , 1.1481 , 0.466 , 35.78
2021-12-30 22:54:32 , 0.061 , 0.4528 , 1.1694 , 0.4571 , 1.1868 , 34.704
2021-12-30 22:54:42 , 0.064 , 0.3824 , 1.3825 , 0.3644 , 1.4187 , 34.704
2021-12-30 22:54:53 , 0.067 , 0.3339 , 1.4669 , 0.3162 , 1.4969 , 34.704
2021-12-30 22:55:03 , 0.07 , 0.2196 , 1.4833 , 0.2261 , 1.4625 , 34.704
2021-12-30 22:55:13 , 0.073 , 1.0205 , 0.5501 , 1.0597 , 0.5437 , 36.856
2021-12-30 22:55:23 , 0.075 , 0.0181 , 1.7385 , 0.0001 , 1.7369 , 35.242
2021-12-30 22:55:34 , 0.078 , 0.2452 , 1.4143 , 0.2508 , 1.4027 , 34.704
2021-12-30 22:55:44 , 0.081 , 0.3235 , 1.2666 , 0.3644 , 1.2529 , 36.318
2021-12-30 22:55:54 , 0.084 , 1.2943 , 0.3069 , 1.2575 , 0.3214 , 35.78
2021-12-30 22:56:04 , 0.087 , 0.2417 , 1.5772 , 0.2248 , 1.5932 , 35.78
2021-12-30 22:56:14 , 0.09 , 0.6414 , 0.7207 , 0.6463 , 0.7155 , 35.242
2021-12-30 22:56:25 , 0.092 , 1.57 , 0.2326 , 1.5858 , 0.2245 , 35.78
2021-12-30 22:56:35 , 0.095 , 1.7224 , -0.0188 , 1.7266 , -0.0218 , 35.242
2021-12-30 22:56:45 , 0.098 , 0.0424 , 1.7395 , 0.0306 , 1.7417 , 35.242
2021-12-30 22:56:55 , 0.101 , 0.1449 , 1.5833 , 0.1314 , 1.5623 , 34.704
2021-12-30 22:57:05 , 0.104 , 0.4219 , 0.9986 , 0.4443 , 0.955 , 34.704
2021-12-30 22:57:16 , 0.107 , 1.3505 , 0.3777 , 1.3838 , 0.3573 , 34.704
2021-12-30 22:57:26 , 0.11 , 1.6819 , 0.0934 , 1.6801 , 0.1132 , 34.704
2021-12-30 22:57:36 , 0.112 , 0.2577 , 1.3933 , 0.3393 , 1.2958 , 34.704
2021-12-30 22:57:46 , 0.115 , 1.302 , 0.3029 , 1.2632 , 0.3186 , 34.704
2021-12-30 22:57:57 , 0.118 , 0.3288 , 1.4718 , 0.3102 , 1.5009 , 34.704
2021-12-30 22:58:07 , 0.121 , 0.0326 , 1.7349 , 0.0178 , 1.7358 , 34.704
2021-12-30 22:58:17 , 0.124 , 0.3594 , 1.1276 , 0.3762 , 1.0892 , 34.704
2021-12-30 22:58:27 , 0.127 , 1.7095 , 0.0635 , 1.7187 , 0.0617 , 34.704
2021-12-30 22:58:37 , 0.129 , 0.3262 , 1.2133 , 0.3348 , 1.2232 , 34.704
2021-12-30 22:58:48 , 0.132 , 1.2293 , 0.4324 , 1.2626 , 0.4144 , 34.704
2021-12-30 22:58:58 , 0.135 , 1.6471 , 0.0392 , 1.6375 , 0.0583 , 34.704
2021-12-30 22:59:08 , 0.138 , 0.1858 , 1.6068 , 0.1963 , 1.62 , 35.242
2021-12-30 22:59:18 , 0.141 , 1.0637 , 0.5567 , 1.0451 , 0.5826 , 34.704
2021-12-30 22:59:28 , 0.144 , 0.9494 , 0.5515 , 1.0006 , 0.5291 , 34.704
2021-12-30 22:59:39 , 0.146 , 0.6116 , 0.8596 , 0.6011 , 0.8773 , 35.242
2021-12-30 22:59:49 , 0.149 , 0.0809 , 1.7122 , 0.0703 , 1.7175 , 34.704
2021-12-30 22:59:59 , 0.152 , 0.4071 , 1.0226 , 0.4368 , 0.9717 , 34.704
2021-12-30 23:00:11 , 0.155 , 0.4947 , 1.1859 , 0.2662 , 1.2827 , 36.318
2021-12-30 23:00:38 , 0.0 , 1.4809 , 0.2235 , 1.4128 , 0.2404 , 27.71
2021-12-30 23:00:48 , 0.003 , 1.1001 , 0.5576 , 1.0682 , 0.4641 , 27.172
2021-12-30 23:46:18 , 0.761 , 0.3609 , 1.2773 , 0.2984 , 1.3147 , 29.862
2021-12-30 23:46:29 , 0.764 , 1.728 , 0.0126 , 1.7374 , 0.0191 , 28.248
2021-12-30 23:46:39 , 0.767 , 1.7284 , -0.0072 , 1.735 , -0.0134 , 28.786
2021-12-30 23:46:49 , 0.77 , 1.38 , 0.2716 , 1.3508 , 0.2842 , 28.248
2021-12-30 23:46:59 , 0.773 , 0.4353 , 1.2682 , 0.4181 , 1.3147 , 28.248
2021-12-30 23:47:10 , 0.776 , 0.0276 , 1.675 , 0.0116 , 1.6625 , 29.324
2021-12-30 23:47:20 , 0.778 , 0.694 , 0.6927 , 0.7191 , 0.6776 , 28.786
2021-12-30 23:47:30 , 0.781 , 1.7101 , 0.0651 , 1.7186 , 0.0614 , 29.324
2021-12-30 23:47:40 , 0.784 , 0.0206 , 1.6816 , -0.0013 , 1.6795 , 29.324
2021-12-30 23:47:50 , 0.787 , 0.8247 , 0.622 , 0.8504 , 0.6129 , 29.324
2021-12-30 23:48:01 , 0.79 , 1.7157 , 0.0537 , 1.7267 , 0.0435 , 29.862
2021-12-30 23:48:11 , 0.793 , 0.3818 , 1.2077 , 0.5203 , 0.9365 , 31.476
2021-12-30 23:48:21 , 0.796 , 0.6506 , 0.796 , 0.636 , 0.8364 , 30.4
2021-12-30 23:48:31 , 0.798 , 0.3061 , 1.2805 , 0.3106 , 1.2577 , 30.4
2021-12-30 23:48:42 , 0.801 , 0.6595 , 0.7124 , 0.6712 , 0.7034 , 30.4
2021-12-30 23:48:52 , 0.804 , 1.0102 , 0.6445 , 0.8991 , 0.7963 , 31.476
2021-12-30 23:49:02 , 0.807 , 0.3997 , 1.0516 , 0.4121 , 1.0171 , 31.476
2021-12-30 23:49:12 , 0.81 , 0.6113 , 0.7469 , 0.6194 , 0.7427 , 31.476
2021-12-30 23:49:22 , 0.813 , 0.7665 , 0.6549 , 0.7947 , 0.6341 , 31.476
2021-12-30 23:49:33 , 0.815 , 1.0475 , 0.5163 , 1.0848 , 0.4977 , 31.476
2021-12-30 23:49:43 , 0.818 , 0.8819 , 0.5922 , 0.9123 , 0.5761 , 31.476
2021-12-30 23:49:53 , 0.821 , 0.183 , 1.6329 , 0.1798 , 1.6313 , 31.476
2021-12-30 23:50:03 , 0.824 , 0.4612 , 1.199 , 0.4566 , 1.1921 , 32.014
2021-12-30 23:50:13 , 0.827 , 0.3291 , 1.2146 , 0.3334 , 1.1935 , 31.476
2021-12-30 23:50:24 , 0.83 , 0.2369 , 1.4495 , 0.2394 , 1.4492 , 31.476
2021-12-30 23:50:34 , 0.832 , 0.0092 , 1.6979 , -0.0112 , 1.6889 , 32.014
2021-12-30 23:50:44 , 0.835 , 0.0066 , 1.7379 , -0.0132 , 1.7352 , 31.476
2021-12-30 23:50:54 , 0.838 , 0.1439 , 1.6651 , 0.1329 , 1.6742 , 32.014
2021-12-30 23:51:05 , 0.841 , 0.6084 , 0.8815 , 0.5916 , 0.9187 , 32.014
2021-12-30 23:51:15 , 0.844 , 1.2845 , 0.309 , 1.2543 , 0.3221 , 32.014
2021-12-30 23:51:25 , 0.847 , 1.6587 , 0.0233 , 1.6569 , 0.0213 , 32.552
2021-12-30 23:51:35 , 0.849 , 1.636 , 0.1843 , 1.6299 , 0.175 , 32.014
2021-12-30 23:51:45 , 0.852 , 1.1413 , 0.3643 , 1.1382 , 0.3684 , 32.552
2021-12-30 23:51:56 , 0.855 , 1.7018 , 0.0818 , 1.7107 , 0.08 , 32.552
2021-12-30 23:52:06 , 0.858 , 1.5627 , 0.1628 , 1.5563 , 0.1678 , 32.552
2021-12-30 23:52:16 , 0.861 , 1.1693 , 0.4626 , 1.1807 , 0.46 , 32.552
2021-12-30 23:52:26 , 0.864 , 0.0771 , 1.6303 , 0.068 , 1.6136 , 32.552
2021-12-30 23:52:37 , 0.866 , 0.1841 , 1.6317 , 0.1718 , 1.6429 , 32.014
2021-12-30 23:52:47 , 0.869 , 0.7338 , 0.6561 , 0.716 , 0.6873 , 32.552
2021-12-30 23:52:57 , 0.872 , 1.3902 , 0.267 , 1.3611 , 0.2647 , 33.09
2021-12-30 23:53:07 , 0.875 , 1.6 , 0.1063 , 1.5854 , 0.1262 , 32.552
2021-12-30 23:53:17 , 0.878 , 1.4292 , 0.2479 , 1.4073 , 0.2586 , 32.552
2021-12-30 23:53:28 , 0.881 , 1.6139 , 0.0868 , 1.6029 , 0.1044 , 32.552
2021-12-30 23:53:38 , 0.884 , 1.7 , 0.0805 , 1.7102 , 0.0707 , 32.552
2021-12-30 23:53:48 , 0.886 , 0.9939 , 0.5377 , 1.0279 , 0.5228 , 32.552
2021-12-30 23:53:58 , 0.889 , 0.3292 , 1.2072 , 0.342 , 1.1773 , 33.628
2021-12-30 23:54:08 , 0.892 , 0.159 , 1.5541 , 0.1593 , 1.5327 , 32.552
2021-12-30 23:54:19 , 0.895 , 0.0325 , 1.6673 , 0.0161 , 1.6593 , 33.09
2021-12-30 23:54:29 , 0.898 , 0.0154 , 1.7343 , 0.0025 , 1.7372 , 32.552
2021-12-30 23:54:39 , 0.901 , 0.0084 , 1.7372 , -0.0125 , 1.7352 , 32.552
2021-12-30 23:54:49 , 0.903 , 0.0063 , 1.7337 , -0.0137 , 1.7298 , 33.628
2021-12-30 23:55:00 , 0.906 , 0.075 , 1.7125 , 0.0659 , 1.7188 , 33.628
2021-12-30 23:55:10 , 0.909 , 0.2322 , 1.4596 , 0.2342 , 1.4468 , 33.09
2021-12-30 23:55:20 , 0.912 , -0.0039 , 1.7177 , -0.0263 , 1.712 , 32.552
2021-12-30 23:55:30 , 0.915 , 0.0003 , 1.7111 , -0.0206 , 1.703 , 33.628
2021-12-30 23:55:40 , 0.918 , 1.5871 , 0.2207 , 1.5923 , 0.2194 , 33.628
2021-12-30 23:55:51 , 0.92 , 1.6767 , 0.1206 , 1.6815 , 0.113 , 33.09
2021-12-30 23:56:01 , 0.923 , 1.636 , 0.1725 , 1.639 , 0.1565 , 33.628
2021-12-30 23:56:11 , 0.926 , 1.726 , -0.0124 , 1.7313 , -0.0152 , 33.09
2021-12-30 23:56:21 , 0.929 , 1.5623 , 0.1442 , 1.5382 , 0.1671 , 32.552
2021-12-30 23:56:32 , 0.932 , 1.2402 , 0.3266 , 1.2057 , 0.3436 , 33.09
2021-12-30 23:56:42 , 0.935 , 1.0768 , 0.3942 , 1.0454 , 0.4047 , 33.628
2021-12-30 23:56:52 , 0.937 , 1.6541 , 0.0249 , 1.6538 , 0.028 , 33.628
2021-12-30 23:57:02 , 0.94 , 1.7175 , 0.0507 , 1.7274 , 0.0433 , 33.09
2021-12-30 23:57:12 , 0.943 , 0.4684 , 1.1787 , 0.4583 , 1.1828 , 33.09
2021-12-30 23:57:23 , 0.946 , 0.513 , 1.0862 , 0.496 , 1.0943 , 33.09
2021-12-30 23:57:33 , 0.949 , 0.5942 , 0.7621 , 0.601 , 0.7444 , 33.628
2021-12-30 23:57:43 , 0.952 , 1.6623 , 0.1372 , 1.6707 , 0.1217 , 33.628
2021-12-30 23:57:53 , 0.954 , 1.5123 , 0.1901 , 1.484 , 0.2115 , 33.09
2021-12-30 23:58:03 , 0.957 , 0.4515 , 1.2348 , 0.4332 , 1.281 , 33.628
2021-12-30 23:58:14 , 0.96 , 0.0699 , 1.7173 , 0.0582 , 1.7228 , 33.628
2021-12-30 23:58:24 , 0.963 , -0.0051 , 1.7195 , -0.0308 , 1.716 , 33.09
2021-12-30 23:58:34 , 0.966 , 0.3315 , 1.2005 , 0.3408 , 1.1719 , 33.09
2021-12-30 23:58:44 , 0.969 , 1.0193 , 0.4221 , 1.0033 , 0.4306 , 33.628
2021-12-30 23:58:55 , 0.971 , 0.5401 , 1.0284 , 0.521 , 1.0682 , 33.628
2021-12-30 23:59:05 , 0.974 , 0.5707 , 0.8433 , 0.6152 , 0.8689 , 33.628
2021-12-30 23:59:15 , 0.977 , 0.1433 , 1.665 , 0.1301 , 1.6757 , 33.628
2021-12-30 23:59:25 , 0.98 , 0.9961 , 0.5348 , 1.0429 , 0.5131 , 33.09
2021-12-30 23:59:35 , 0.983 , 0.2535 , 1.5649 , 0.2421 , 1.5724 , 33.628
2021-12-30 23:59:46 , 0.986 , 1.7109 , 0.0601 , 1.7213 , 0.0498 , 33.628
2021-12-30 23:59:56 , 0.989 , 0.2195 , 1.4548 , 0.2294 , 1.4188 , 32.552
