2021-12-31 16:56:48 , 0.0 , 1.127 , 0.2635 , 1.3344 , 0.3713 , 36.856
2021-12-31 16:57:14 , 0.007 , 0.6373 , 0.9369 , 0.8 , 0.7703 , 36.856
2021-12-31 16:57:24 , 0.01 , 0.0112 , 1.6983 , -0.0092 , 1.6915 , 35.78
2021-12-31 16:57:34 , 0.013 , 1.2835 , 0.4726 , 1.1212 , 0.6431 , 36.318
2021-12-31 16:57:45 , 0.016 , 0.0556 , 1.6444 , 0.042 , 1.6332 , 34.704
2021-12-31 16:57:55 , 0.019 , 1.0169 , 0.5128 , 1.016 , 0.5091 , 35.242
2021-12-31 16:58:05 , 0.021 , 0.9583 , 0.5384 , 0.9776 , 0.5271 , 34.704
2021-12-31 16:58:15 , 0.024 , 0.4544 , 1.1558 , 0.4454 , 1.1803 , 34.704
2021-12-31 16:58:26 , 0.027 , 0.0083 , 1.7121 , -0.0157 , 1.7088 , 34.704
2021-12-31 16:58:36 , 0.03 , 0.2601 , 1.4102 , 0.2732 , 1.377 , 34.704
2021-12-31 16:58:46 , 0.033 , 0.3857 , 1.1227 , 0.4013 , 1.0851 , 34.704
2021-12-31 16:58:56 , 0.036 , 0.3185 , 1.2804 , 0.3318 , 1.2452 , 34.704
2021-12-31 16:59:06 , 0.038 , 0.3193 , 1.2752 , 0.3353 , 1.2364 , 34.704
2021-12-31 16:59:17 , 0.041 , 0.6019 , 0.7574 , 0.6325 , 0.7282 , 34.704
2021-12-31 16:59:27 , 0.044 , 0.6704 , 0.9413 , 0.7839 , 0.7977 , 34.704
2021-12-31 16:59:37 , 0.047 , 0.5981 , 0.8656 , 0.5757 , 0.909 , 34.704
2021-12-31 16:59:47 , 0.05 , 1.128 , 0.3967 , 1.0985 , 0.4086 , 34.704
2021-12-31 16:59:57 , 0.053 , 0.2651 , 1.5474 , 0.262 , 1.5513 , 34.704
2021-12-31 17:00:09 , 0.056 , 0.8185 , 0.6267 , 0.814 , 0.6449 , 34.704
2021-12-31 17:00:38 , 0.0 , 0.4274 , 1.1162 , 0.5615 , 0.9144 , 27.71
2021-12-31 17:27:44 , 0.452 , 0.3907 , 1.2781 , 0.4426 , 1.2503 , 28.248
2021-12-31 17:27:54 , 0.455 , 1.27 , 0.3998 , 1.2949 , 0.3917 , 27.71
2021-12-31 17:28:04 , 0.457 , 1.5305 , 0.2704 , 1.5424 , 0.2586 , 27.172
2021-12-31 17:28:14 , 0.46 , 1.7006 , -0.0064 , 1.7036 , -0.0061 , 27.71
2021-12-31 17:28:25 , 0.463 , 1.0334 , 0.4513 , 0.9852 , 0.4795 , 27.71
2021-12-31 17:28:35 , 0.466 , 0.2591 , 1.5442 , 0.2405 , 1.5641 , 28.248
2021-12-31 17:28:45 , 0.469 , 0.0228 , 1.7205 , 0.0042 , 1.7173 , 28.786
2021-12-31 17:28:55 , 0.472 , 0.5111 , 0.8854 , 0.5393 , 0.8394 , 29.324
2021-12-31 17:29:06 , 0.474 , 1.7023 , 0.0447 , 1.7123 , 0.0348 , 29.324
2021-12-31 17:29:16 , 0.477 , 1.0697 , 0.4309 , 1.0211 , 0.4513 , 29.324
2021-12-31 17:29:26 , 0.48 , 0.2097 , 1.5898 , 0.1909 , 1.6051 , 29.324
2021-12-31 17:29:36 , 0.483 , 0.0171 , 1.6841 , -0.0006 , 1.6746 , 29.862
2021-12-31 17:29:46 , 0.486 , 0.2758 , 1.3748 , 0.2904 , 1.3358 , 30.4
2021-12-31 17:29:57 , 0.489 , 0.8742 , 0.5888 , 0.8534 , 0.5893 , 30.4
2021-12-31 17:30:07 , 0.491 , 0.2038 , 1.5938 , 0.1992 , 1.5975 , 30.4
2021-12-31 17:30:17 , 0.494 , 0.0232 , 1.675 , 0.0065 , 1.6651 , 30.938
2021-12-31 17:30:27 , 0.497 , 0.0351 , 1.6567 , 0.0177 , 1.6448 , 30.938
2021-12-31 17:30:38 , 0.5 , 0.0198 , 1.7125 , 0.0006 , 1.7095 , 31.476
2021-12-31 17:30:48 , 0.503 , 0.042 , 1.7189 , 0.0375 , 1.7185 , 31.476
2021-12-31 17:30:58 , 0.506 , 0.0534 , 1.7116 , 0.0397 , 1.7146 , 31.476
2021-12-31 17:31:08 , 0.508 , 0.0226 , 1.7196 , 0.0032 , 1.7171 , 30.938
2021-12-31 17:31:18 , 0.511 , 0.2188 , 1.4894 , 0.2216 , 1.4608 , 31.476
2021-12-31 17:31:29 , 0.514 , 0.292 , 1.2663 , 0.2769 , 1.2855 , 30.938
2021-12-31 17:31:39 , 0.517 , 0.1761 , 1.5389 , 0.1761 , 1.54 , 31.476
2021-12-31 17:31:49 , 0.52 , 0.275 , 1.3779 , 0.2906 , 1.3424 , 31.476
2021-12-31 17:31:59 , 0.523 , 0.3681 , 1.1614 , 0.3866 , 1.1153 , 32.552
2021-12-31 17:32:09 , 0.525 , 0.157 , 1.6405 , 0.1492 , 1.6466 , 33.09
2021-12-31 17:32:20 , 0.528 , 0.0901 , 1.6935 , 0.0759 , 1.7 , 32.552
2021-12-31 17:32:30 , 0.531 , 0.1589 , 1.5485 , 0.1594 , 1.5239 , 32.552
2021-12-31 17:32:40 , 0.534 , 0.522 , 0.8702 , 0.5513 , 0.8237 , 32.552
2021-12-31 17:32:50 , 0.537 , 1.3615 , 0.3517 , 1.4027 , 0.3266 , 32.552
2021-12-31 17:33:01 , 0.54 , 1.6497 , 0.1385 , 1.6552 , 0.1244 , 32.552
2021-12-31 17:33:11 , 0.543 , 1.6807 , 0.0992 , 1.686 , 0.0864 , 32.552
2021-12-31 17:33:21 , 0.545 , 1.7152 , 0.0198 , 1.7233 , 0.0106 , 33.09
2021-12-31 17:33:31 , 0.548 , 0.0382 , 1.7236 , 0.0266 , 1.7248 , 33.09
2021-12-31 17:33:41 , 0.551 , 0.3798 , 1.1339 , 0.398 , 1.0885 , 33.09
2021-12-31 17:33:52 , 0.554 , 1.017 , 0.4449 , 0.9948 , 0.4518 , 33.09
2021-12-31 17:34:02 , 0.557 , 0.3583 , 1.2774 , 0.4542 , 1.1473 , 35.242
2021-12-31 17:34:12 , 0.56 , 1.6745 , 0.0032 , 1.6713 , 0.0124 , 33.628
2021-12-31 17:34:22 , 0.562 , 1.4805 , 0.2345 , 1.4841 , 0.239 , 33.628
2021-12-31 17:34:32 , 0.565 , 1.1215 , 0.4686 , 1.2163 , 0.3613 , 35.242
2021-12-31 17:34:43 , 0.568 , 0.0671 , 1.6331 , 0.0466 , 1.6331 , 33.628
2021-12-31 17:34:53 , 0.571 , 0.0817 , 1.6972 , 0.0739 , 1.7013 , 33.628
2021-12-31 17:35:03 , 0.574 , 0.1621 , 1.6296 , 0.1462 , 1.6427 , 33.628
2021-12-31 17:35:13 , 0.577 , 0.983 , 0.5287 , 0.9888 , 0.5183 , 33.628
2021-12-31 17:35:24 , 0.579 , 0.1732 , 1.6157 , 0.1643 , 1.6205 , 33.628
2021-12-31 17:35:34 , 0.582 , 0.2063 , 1.4912 , 0.2119 , 1.4626 , 33.628
2021-12-31 17:35:44 , 0.585 , 1.1675 , 0.4384 , 1.217 , 0.4161 , 33.628
2021-12-31 17:35:54 , 0.588 , 1.2378 , 0.4093 , 1.2835 , 0.3883 , 33.628
2021-12-31 17:36:04 , 0.591 , 0.625 , 0.7435 , 0.6623 , 0.7051 , 33.628
2021-12-31 17:36:15 , 0.594 , 0.8017 , 0.6094 , 0.8442 , 0.5879 , 33.628
2021-12-31 17:36:25 , 0.596 , 1.6525 , 0.1226 , 1.6611 , 0.1203 , 33.628
2021-12-31 17:36:35 , 0.599 , 1.6539 , 0.0197 , 1.6491 , 0.0353 , 33.628
2021-12-31 17:36:45 , 0.602 , 0.9422 , 0.5041 , 0.8925 , 0.5436 , 34.166
2021-12-31 17:36:56 , 0.605 , 0.31 , 1.4706 , 0.2866 , 1.5077 , 33.628
2021-12-31 17:37:06 , 0.608 , 0.0111 , 1.7096 , -0.0063 , 1.7012 , 33.628
2021-12-31 17:37:16 , 0.611 , 1.1182 , 0.4697 , 1.1432 , 0.4439 , 34.166
2021-12-31 17:37:26 , 0.613 , 1.5907 , 0.105 , 1.5725 , 0.1309 , 33.628
2021-12-31 17:37:36 , 0.616 , 0.3212 , 1.443 , 0.2964 , 1.4855 , 33.628
2021-12-31 17:37:47 , 0.619 , 1.5782 , 0.2192 , 1.5845 , 0.21 , 33.628
2021-12-31 17:37:57 , 0.622 , 1.6441 , 0.0405 , 1.6363 , 0.0568 , 33.628
2021-12-31 17:38:07 , 0.625 , 1.6135 , 0.0848 , 1.5978 , 0.108 , 33.628
2021-12-31 17:38:17 , 0.628 , 1.4299 , 0.2024 , 1.4865 , 0.1956 , 33.628
2021-12-31 17:38:27 , 0.63 , 0.0146 , 1.7201 , -0.009 , 1.7164 , 33.628
2021-12-31 17:38:38 , 0.633 , 0.4731 , 0.9366 , 0.4968 , 0.8941 , 34.166
2021-12-31 17:38:48 , 0.636 , 1.3805 , 0.3389 , 1.4248 , 0.3138 , 33.628
2021-12-31 17:38:58 , 0.639 , 1.4159 , 0.2714 , 1.3857 , 0.2676 , 34.166
2021-12-31 17:39:08 , 0.642 , 0.2653 , 1.4072 , 0.257 , 1.4271 , 33.628
2021-12-31 17:39:19 , 0.645 , 0.5064 , 0.8775 , 0.5023 , 0.8793 , 33.628
2021-12-31 17:39:29 , 0.648 , 1.4391 , 0.3128 , 1.4705 , 0.2886 , 33.628
2021-12-31 17:39:39 , 0.65 , 0.0644 , 1.7111 , 0.0537 , 1.7134 , 33.628
2021-12-31 17:39:49 , 0.653 , 1.6303 , 0.0549 , 1.6259 , 0.0627 , 34.166
2021-12-31 17:39:59 , 0.656 , 1.2585 , 0.3422 , 1.2171 , 0.3593 , 33.628
2021-12-31 17:40:10 , 0.659 , 1.3404 , 0.3061 , 1.294 , 0.3281 , 33.628
2021-12-31 17:40:20 , 0.662 , 0.4969 , 0.9062 , 0.5274 , 0.8582 , 34.704
2021-12-31 17:40:30 , 0.665 , 1.705 , 0.0254 , 1.6959 , 0.0226 , 34.704
2021-12-31 17:40:40 , 0.667 , 1.4755 , 0.2258 , 1.4404 , 0.2502 , 33.628
2021-12-31 17:40:50 , 0.67 , 0.198 , 1.6085 , 0.1807 , 1.6229 , 34.166
2021-12-31 17:41:01 , 0.673 , 0.1385 , 1.5678 , 0.1418 , 1.5437 , 34.166
2021-12-31 17:41:11 , 0.676 , 0.9165 , 0.5499 , 0.973 , 0.5206 , 34.166
2021-12-31 17:41:21 , 0.679 , 1.5815 , 0.122 , 1.5584 , 0.1501 , 34.166
2021-12-31 17:41:31 , 0.682 , 0.2846 , 1.5075 , 0.2622 , 1.5377 , 33.628
2021-12-31 17:41:42 , 0.684 , 0.0093 , 1.7114 , -0.0094 , 1.7048 , 34.166
2021-12-31 17:41:52 , 0.687 , 1.7053 , -0.0202 , 1.7098 , -0.0216 , 34.166
2021-12-31 17:42:02 , 0.69 , 0.0406 , 1.6601 , 0.0207 , 1.659 , 34.166
2021-12-31 17:42:12 , 0.693 , 0.4159 , 1.0413 , 0.4423 , 1.0042 , 34.166
2021-12-31 17:42:22 , 0.696 , 1.0236 , 0.447 , 1.0217 , 0.4475 , 33.628
2021-12-31 17:42:33 , 0.699 , 0.4187 , 1.2499 , 0.4008 , 1.2897 , 34.166
2021-12-31 17:42:43 , 0.701 , 0.0604 , 1.644 , 0.0541 , 1.6248 , 34.166
2021-12-31 17:42:53 , 0.704 , 0.6997 , 0.683 , 0.7504 , 0.6479 , 34.166
2021-12-31 17:43:03 , 0.707 , 1.6631 , 0.1236 , 1.6732 , 0.1079 , 34.704
2021-12-31 17:43:14 , 0.71 , 1.719 , 0.0147 , 1.7258 , 0.0062 , 34.166
2021-12-31 17:43:24 , 0.713 , 1.5641 , 0.1503 , 1.5455 , 0.1726 , 33.628
2021-12-31 17:43:34 , 0.716 , 0.8432 , 0.5717 , 0.7995 , 0.6145 , 34.166
2021-12-31 17:43:44 , 0.718 , 0.7155 , 0.6788 , 0.6813 , 0.7227 , 34.704
2021-12-31 17:43:54 , 0.721 , 1.3345 , 0.3085 , 1.2923 , 0.3272 , 34.704
2021-12-31 17:44:05 , 0.724 , 1.436 , 0.2523 , 1.3983 , 0.2747 , 33.628
2021-12-31 17:44:15 , 0.727 , 0.7983 , 0.5719 , 0.7823 , 0.5877 , 34.166
2021-12-31 17:44:25 , 0.73 , 0.5 , 1.0825 , 0.4736 , 1.1402 , 35.242
2021-12-31 17:44:35 , 0.733 , 1.1944 , 0.3779 , 1.3008 , 0.2517 , 36.318
2021-12-31 17:44:45 , 0.735 , 0.755 , 0.66 , 0.7151 , 0.7061 , 34.704
2021-12-31 17:44:56 , 0.738 , 0.2907 , 1.495 , 0.2696 , 1.5298 , 34.704
2021-12-31 17:45:06 , 0.741 , 0.0093 , 1.705 , -0.0067 , 1.6965 , 35.242
2021-12-31 17:45:16 , 0.744 , 0.1168 , 1.5883 , 0.115 , 1.5677 , 35.242
2021-12-31 17:45:26 , 0.747 , 0.6515 , 0.7576 , 0.6329 , 0.7809 , 34.704
2021-12-31 17:45:37 , 0.75 , 0.1077 , 1.5936 , 0.1068 , 1.5699 , 34.166
2021-12-31 17:45:47 , 0.753 , 1.4829 , 0.2268 , 1.4606 , 0.2446 , 34.704
2021-12-31 17:45:57 , 0.755 , 0.6139 , 0.9922 , 0.7427 , 0.8586 , 35.78
2021-12-31 17:46:07 , 0.0 , 0.8162 , 0.769 , 0.9387 , 0.6516 , 35.78
2021-12-31 17:46:07 , 0.758 , 0.7256 , 0.882 , 0.8236 , 0.7619 , 35.78
2021-12-31 17:46:17 , 0.003 , 0.1551 , 1.6352 , 0.1537 , 1.6335 , 34.704
2021-12-31 17:46:17 , 0.761 , 0.3407 , 1.1688 , 0.4424 , 1.1925 , 34.704
2021-12-31 17:46:27 , 0.006 , 0.1368 , 1.6448 , 0.1459 , 1.6483 , 34.704
2021-12-31 17:46:28 , 0.764 , 0.2092 , 1.594 , 0.1888 , 1.6114 , 34.704
2021-12-31 17:46:38 , 0.009 , 0.036 , 1.7206 , 0.0086 , 1.7232 , 34.704
2021-12-31 17:46:38 , 0.767 , 0.9564 , 0.5317 , 1.0137 , 0.5018 , 34.704
2021-12-31 17:46:48 , 0.011 , 0.0426 , 1.7217 , 0.0289 , 1.7226 , 34.166
2021-12-31 17:46:48 , 0.77 , 1.6288 , 0.0565 , 1.6171 , 0.0798 , 34.704
2021-12-31 17:46:58 , 0.014 , 0.2687 , 1.5097 , 0.2874 , 1.5327 , 34.704
2021-12-31 17:46:58 , 0.772 , 0.1804 , 1.6141 , 0.1738 , 1.6285 , 34.166
2021-12-31 17:47:08 , 0.017 , 0.6695 , 0.6558 , 0.6971 , 0.6929 , 34.704
2021-12-31 17:47:08 , 0.775 , 0.8945 , 0.5636 , 0.9418 , 0.5353 , 34.704
2021-12-31 17:47:18 , 0.02 , 0.4116 , 1.2167 , 0.4156 , 1.2594 , 34.704
2021-12-31 17:47:19 , 0.778 , 0.1232 , 1.6642 , 0.1115 , 1.6737 , 34.166
2021-12-31 17:47:29 , 0.781 , 0.2535 , 1.4131 , 0.2684 , 1.3743 , 34.704
2021-12-31 17:47:39 , 0.784 , 1.0697 , 0.4808 , 1.13 , 0.4526 , 34.166
2021-12-31 17:47:49 , 0.787 , 1.7002 , -0.0065 , 1.7013 , -0.0051 , 34.704
2021-12-31 17:48:00 , 0.789 , 0.3191 , 1.2806 , 0.377 , 1.2158 , 35.78
2021-12-31 17:48:10 , 0.792 , 1.7136 , 0.0286 , 1.7218 , 0.0178 , 35.242
2021-12-31 17:48:20 , 0.795 , 1.6317 , 0.0547 , 1.6195 , 0.0787 , 34.704
2021-12-31 17:48:30 , 0.798 , 0.1588 , 1.6278 , 0.1602 , 1.631 , 34.704
2021-12-31 17:48:40 , 0.801 , 0.0084 , 1.6997 , -0.0093 , 1.6895 , 34.166
2021-12-31 17:48:51 , 0.804 , 0.1973 , 1.5012 , 0.2026 , 1.4647 , 34.166
2021-12-31 17:49:01 , 0.806 , 0.2648 , 1.3893 , 0.2797 , 1.346 , 34.166
2021-12-31 17:49:11 , 0.809 , 0.8038 , 0.6142 , 0.856 , 0.5828 , 34.166
2021-12-31 17:49:21 , 0.812 , 1.6607 , 0.1123 , 1.6702 , 0.0973 , 34.166
2021-12-31 17:49:31 , 0.815 , 1.5356 , 0.1779 , 1.51 , 0.1987 , 34.704
2021-12-31 17:49:42 , 0.818 , 0.0753 , 1.6335 , 0.0573 , 1.6292 , 34.704
2021-12-31 17:49:52 , 0.821 , 0.3003 , 1.316 , 0.3153 , 1.272 , 34.704
2021-12-31 17:50:02 , 0.823 , 1.6208 , 0.07 , 1.6222 , 0.0769 , 34.166
2021-12-31 17:50:12 , 0.826 , 1.1502 , 0.4481 , 1.2219 , 0.3441 , 35.78
2021-12-31 17:50:23 , 0.829 , 1.2495 , 0.3244 , 1.2901 , 0.3222 , 36.856
2021-12-31 17:50:33 , 0.832 , 0.0115 , 1.7118 , -0.0043 , 1.7108 , 34.704
2021-12-31 17:50:43 , 0.835 , 1.2699 , 0.373 , 1.2438 , 0.4806 , 35.78
2021-12-31 17:50:53 , 0.838 , 0.0229 , 1.6829 , 0.0091 , 1.6702 , 34.704
2021-12-31 17:51:02 , 0.0 , 0.9794 , 0.6446 , 1.0116 , 0.5413 , 35.78
2021-12-31 17:51:03 , 0.84 , 1.4835 , 0.116 , 1.6129 , 0.0571 , 34.704
2021-12-31 17:51:13 , 0.003 , 0.1727 , 1.6178 , 0.1745 , 1.6284 , 34.704
2021-12-31 17:51:14 , 0.843 , 1.1525 , 0.3912 , 1.0995 , 0.4178 , 34.704
KeyboardInterrupt at: 20211231_175120
2021-12-31 17:51:24 , 0.846 , 0.23 , 1.2088 , 0.1598 , 1.2027 , 34.704
2021-12-31 17:51:34 , 0.849 , 0.253 , 1.1678 , 0.18 , 1.14 , 34.704
2021-12-31 17:51:44 , 0.852 , 0.7792 , 0.7428 , 0.7601 , 0.7182 , 34.704
2021-12-31 17:51:54 , 0.855 , 1.0841 , 0.2926 , 1.0647 , 0.3086 , 34.704
2021-12-31 17:52:05 , 0.858 , 0.9842 , 0.4956 , 0.9755 , 0.4784 , 34.704
2021-12-31 17:52:15 , 0.86 , 1.1043 , 0.2587 , 1.0784 , 0.2911 , 34.704
2021-12-31 17:52:25 , 0.863 , 0.2488 , 1.1917 , 0.1798 , 1.1903 , 34.166
2021-12-31 17:52:35 , 0.866 , 0.4054 , 1.047 , 0.35 , 1.015 , 34.166
2021-12-31 17:52:46 , 0.869 , 0.9734 , 0.5075 , 0.9687 , 0.4805 , 34.166
2021-12-31 17:52:56 , 0.872 , 1.2152 , 0.1479 , 1.2132 , 0.1448 , 33.628
2021-12-31 17:53:06 , 0.875 , 1.1013 , 0.2624 , 1.0991 , 0.253 , 34.166
2021-12-31 17:53:16 , 0.877 , 0.3782 , 1.0668 , 0.3095 , 1.0517 , 34.166
2021-12-31 17:53:26 , 0.88 , 0.7377 , 0.8019 , 0.6973 , 0.7932 , 34.704
2021-12-31 17:53:37 , 0.883 , 1.2009 , 0.1657 , 1.2004 , 0.1536 , 34.704
2021-12-31 17:53:47 , 0.886 , 1.0233 , 0.3904 , 0.9929 , 0.4271 , 33.628
2021-12-31 17:53:57 , 0.889 , 0.315 , 1.1352 , 0.2553 , 1.1383 , 33.628
2021-12-31 17:54:07 , 0.892 , 0.1833 , 1.2502 , 0.1047 , 1.2325 , 34.166
2021-12-31 17:54:18 , 0.894 , 0.2858 , 1.1431 , 0.2112 , 1.1193 , 33.628
2021-12-31 17:54:28 , 0.897 , 0.8264 , 0.6765 , 0.8066 , 0.6929 , 34.166
2021-12-31 17:54:38 , 0.9 , 0.3178 , 1.1403 , 0.3054 , 1.1078 , 33.628
2021-12-31 17:54:48 , 0.903 , 0.1827 , 1.2517 , 0.1034 , 1.2352 , 34.166
2021-12-31 17:54:58 , 0.906 , 1.2466 , 0.0988 , 1.2469 , 0.1076 , 34.704
2021-12-31 17:55:09 , 0.909 , 1.1685 , 0.1694 , 1.1559 , 0.1809 , 34.166
2021-12-31 17:55:19 , 0.911 , 0.8636 , 0.6288 , 0.8222 , 0.6708 , 34.166
2021-12-31 17:55:29 , 0.914 , 0.5158 , 0.9756 , 0.4833 , 0.9865 , 34.166
2021-12-31 17:55:39 , 0.917 , 0.2363 , 1.205 , 0.1653 , 1.2023 , 34.166
2021-12-31 17:55:49 , 0.92 , 0.3092 , 1.1463 , 0.2657 , 1.1325 , 33.628
2021-12-31 17:56:00 , 0.923 , 0.3862 , 1.0802 , 0.3366 , 1.0856 , 34.704
2021-12-31 17:56:10 , 0.926 , 1.0762 , 0.3091 , 1.0482 , 0.3423 , 34.704
2021-12-31 17:56:16 , 0.0 , 0.2515 , 1.5603 , 0.3937 , 1.345 , 34.166
2021-12-31 17:56:20 , 0.928 , 0.8917 , 0.5275 , 0.8463 , 0.5703 , 34.704
2021-12-31 17:56:27 , 0.003 , 1.1094 , 0.5449 , 1.0428 , 0.6495 , 34.704
2021-12-31 17:56:30 , 0.931 , 0.552 , 1.0487 , 0.7086 , 0.8691 , 34.704
2021-12-31 17:56:37 , 0.006 , 0.2073 , 1.5334 , 0.2006 , 1.5113 , 34.704
2021-12-31 17:56:41 , 0.934 , 1.3235 , 0.31 , 1.2851 , 0.3317 , 34.166
2021-12-31 17:56:47 , 0.009 , 0.0081 , 1.7084 , -0.0226 , 1.7088 , 34.166
2021-12-31 17:56:51 , 0.937 , 0.6397 , 0.8041 , 0.6076 , 0.8587 , 34.704
2021-12-31 17:56:57 , 0.011 , 0.8923 , 0.7171 , 0.987 , 0.5835 , 34.704
KeyboardInterrupt at: 20211231_175659
2021-12-31 17:57:01 , 0.94 , 0.1827 , 1.2532 , 0.0981 , 1.2384 , 34.704
2021-12-31 17:57:10 , 0.0 , 0.3651 , 1.3671 , 0.3479 , 1.4116 , 34.704
2021-12-31 17:57:11 , 0.943 , 1.7088 , -0.0211 , 1.7129 , -0.0213 , 34.704
2021-12-31 17:57:20 , 0.003 , 1.6947 , 0.0423 , 1.7145 , 0.0281 , 34.704
2021-12-31 17:57:21 , 0.945 , 0.2401 , 1.457 , 0.2479 , 1.4338 , 34.166
2021-12-31 17:57:30 , 0.006 , 1.7247 , 0.025 , 1.733 , 0.0222 , 34.704
2021-12-31 17:57:32 , 0.948 , 0.5643 , 1.0111 , 0.6487 , 0.9736 , 35.78
2021-12-31 17:57:41 , 0.009 , 0.6161 , 0.7708 , 0.6281 , 0.7928 , 34.704
2021-12-31 17:57:42 , 0.951 , 0.6268 , 0.8157 , 0.6002 , 0.8605 , 34.166
KeyboardInterrupt at: 20211231_175746
2021-12-31 17:57:52 , 0.954 , 0.2238 , 1.218 , 0.1501 , 1.2129 , 34.704
2021-12-31 17:57:59 , 0.0 , 0.5684 , 0.8004 , 0.5958 , 0.7634 , 34.704
2021-12-31 17:58:02 , 0.957 , 0.2039 , 1.4909 , 0.2115 , 1.4553 , 34.704
2021-12-31 17:58:09 , 0.003 , 1.046 , 0.4176 , 1.056 , 0.4284 , 34.704
2021-12-31 17:58:12 , 0.96 , 0.5358 , 0.8436 , 0.5687 , 0.798 , 34.704
KeyboardInterrupt at: 20211231_175815
2021-12-31 17:58:23 , 0.963 , 0.98 , 0.4931 , 0.9752 , 0.4652 , 34.166
2021-12-31 17:58:33 , 0.965 , 1.2015 , 0.1594 , 1.2023 , 0.2845 , 34.704
2021-12-31 17:58:43 , 0.968 , 0.4614 , 1.013 , 0.3974 , 1.0046 , 34.166
2021-12-31 17:58:53 , 0.971 , 0.7771 , 0.6414 , 0.6741 , 0.7185 , 35.242
2021-12-31 17:59:04 , 0.974 , 1.0907 , 0.3373 , 1.0808 , 0.3278 , 34.704
2021-12-31 17:59:14 , 0.977 , 1.2138 , 0.1511 , 1.214 , 0.1399 , 34.704
2021-12-31 17:59:24 , 0.98 , 1.1507 , 0.1962 , 1.131 , 0.222 , 34.166
2021-12-31 17:59:34 , 0.982 , 0.8248 , 0.6738 , 0.7883 , 0.7114 , 35.78
2021-12-31 17:59:44 , 0.985 , 1.0854 , 0.2937 , 1.0579 , 0.328 , 35.242
2021-12-31 18:00:19 , 0.0 , 0.4403 , 1.0548 , 0.5433 , 0.9721 , 37.932
2021-12-31 18:00:45 , 0.007 , 1.2428 , 0.4911 , 1.1059 , 0.6176 , 37.932
2021-12-31 18:00:55 , 0.01 , 1.2263 , 0.5504 , 1.205 , 0.3948 , 37.932
2021-12-31 18:01:05 , 0.013 , 0.5229 , 1.1656 , 0.4178 , 1.2654 , 36.856
2021-12-31 18:01:15 , 0.016 , 1.1431 , 0.59 , 0.9961 , 0.7543 , 38.47
2021-12-31 18:01:26 , 0.019 , 1.563 , 0.2329 , 1.5785 , 0.214 , 35.78
2021-12-31 18:01:36 , 0.021 , 0.5561 , 1.052 , 0.5536 , 1.0568 , 36.318
2021-12-31 18:01:46 , 0.024 , 1.7116 , 0.044 , 1.7212 , 0.0384 , 35.78
2021-12-31 18:01:56 , 0.027 , 1.5553 , 0.2566 , 1.5563 , 0.2572 , 35.78
2021-12-31 18:02:06 , 0.03 , 0.8555 , 0.7161 , 0.789 , 0.8591 , 36.318
2021-12-31 18:02:17 , 0.033 , 0.3514 , 1.2151 , 0.3546 , 1.2129 , 34.704
2021-12-31 18:02:27 , 0.036 , 1.6359 , 0.0534 , 1.6335 , 0.0591 , 35.78
2021-12-31 18:02:37 , 0.038 , 1.6687 , 0.0179 , 1.6645 , 0.0304 , 35.242
2021-12-31 18:02:47 , 0.041 , 0.356 , 1.3943 , 0.3508 , 1.4153 , 34.704
2021-12-31 18:02:57 , 0.044 , 0.324 , 1.2868 , 0.3259 , 1.2684 , 34.704
2021-12-31 18:03:08 , 0.047 , 0.0481 , 1.6555 , 0.0368 , 1.6531 , 35.242
2021-12-31 18:03:18 , 0.05 , 0.0478 , 1.6625 , 0.0345 , 1.6514 , 35.242
2021-12-31 18:03:28 , 0.053 , 0.031 , 1.6782 , 0.0163 , 1.6664 , 35.78
2021-12-31 18:03:38 , 0.055 , 0.0289 , 1.7351 , 0.0127 , 1.7346 , 34.704
2021-12-31 18:03:49 , 0.058 , 0.1875 , 1.6234 , 0.1721 , 1.6362 , 34.704
2021-12-31 18:03:59 , 0.061 , 0.4872 , 1.0807 , 0.4746 , 1.1193 , 34.704
2021-12-31 18:04:09 , 0.064 , 0.3259 , 1.2687 , 0.3306 , 1.2617 , 34.704
2021-12-31 18:04:19 , 0.067 , 0.4753 , 0.9314 , 0.4931 , 0.8962 , 34.704
2021-12-31 18:04:29 , 0.07 , 1.0835 , 0.4774 , 1.1325 , 0.453 , 34.704
2021-12-31 18:04:40 , 0.072 , 1.4244 , 0.3236 , 1.4606 , 0.3041 , 34.704
2021-12-31 18:04:50 , 0.075 , 1.6985 , -0.0184 , 1.7022 , -0.0174 , 34.166
2021-12-31 18:05:00 , 0.078 , 1.7204 , -0.0091 , 1.7246 , -0.0117 , 34.704
2021-12-31 18:05:10 , 0.081 , 0.2019 , 1.6088 , 0.1973 , 1.6136 , 34.166
2021-12-31 18:05:20 , 0.084 , 0.7959 , 0.796 , 0.9282 , 0.6868 , 34.704
2021-12-31 18:05:31 , 0.087 , 0.5045 , 1.0487 , 0.4926 , 1.0717 , 34.704
2021-12-31 18:05:41 , 0.09 , 0.5431 , 0.9717 , 0.5249 , 1.0129 , 34.704
2021-12-31 18:05:51 , 0.092 , 0.1549 , 1.578 , 0.1441 , 1.567 , 34.166
2021-12-31 18:06:01 , 0.095 , 0.2146 , 1.5956 , 0.2106 , 1.6002 , 34.704
2021-12-31 18:06:12 , 0.098 , 0.6063 , 0.8505 , 0.582 , 0.8896 , 34.166
2021-12-31 18:06:22 , 0.101 , 0.8712 , 0.5342 , 0.8242 , 0.5431 , 34.166
2021-12-31 18:06:32 , 0.104 , 1.3727 , 0.2908 , 1.3398 , 0.3066 , 35.78
2021-12-31 18:06:42 , 0.107 , 0.5362 , 0.9797 , 0.5217 , 0.974 , 34.704
2021-12-31 18:06:52 , 0.109 , 0.5461 , 1.065 , 0.5627 , 1.0226 , 35.78
2021-12-31 18:07:03 , 0.112 , 1.6895 , 0.0905 , 1.6984 , 0.0842 , 35.242
2021-12-31 18:07:13 , 0.115 , 1.3542 , 0.3861 , 1.3348 , 0.3684 , 35.242
2021-12-31 18:07:23 , 0.118 , 1.5695 , 0.2293 , 1.5866 , 0.2108 , 34.704
2021-12-31 18:07:33 , 0.121 , 0.4218 , 1.2406 , 0.4098 , 1.2636 , 34.704
2021-12-31 18:07:43 , 0.124 , 1.2858 , 0.3348 , 1.2675 , 0.4037 , 36.856
2021-12-31 18:07:54 , 0.126 , 0.2839 , 1.5257 , 0.2661 , 1.5509 , 34.704
2021-12-31 18:08:34 , 0.0 , 0.2301 , 1.3976 , 0.2723 , 1.4395 , 30.4
2021-12-31 18:19:46 , 0.187 , 1.2119 , 0.4583 , 1.1384 , 0.5851 , 31.476
2021-12-31 18:19:56 , 0.189 , 0.2964 , 1.3526 , 0.3133 , 1.3141 , 31.476
2021-12-31 18:20:06 , 0.192 , 0.4073 , 1.0998 , 0.4253 , 1.056 , 31.476
2021-12-31 18:20:16 , 0.195 , 1.2418 , 0.4002 , 1.263 , 0.3931 , 30.4
2021-12-31 18:20:26 , 0.198 , 1.6596 , 0.0291 , 1.6573 , 0.041 , 30.938
2021-12-31 18:20:37 , 0.201 , 0.5847 , 1.025 , 0.6991 , 0.9252 , 32.014
2021-12-31 18:20:47 , 0.204 , 1.4742 , 0.243 , 1.4452 , 0.2641 , 32.014
2021-12-31 18:20:57 , 0.206 , 0.6268 , 0.7756 , 0.6172 , 0.7939 , 32.014
2021-12-31 18:21:07 , 0.209 , 0.1914 , 1.6117 , 0.1923 , 1.6186 , 31.476
2021-12-31 18:21:18 , 0.212 , 1.7063 , 0.06 , 1.7154 , 0.0552 , 31.476
2021-12-31 18:21:28 , 0.215 , 1.0782 , 0.4331 , 1.0394 , 0.455 , 31.476
2021-12-31 18:21:38 , 0.218 , 0.0645 , 1.7167 , 0.05 , 1.7211 , 32.014
2021-12-31 18:21:48 , 0.221 , 0.4617 , 0.981 , 0.4889 , 0.9316 , 32.014
2021-12-31 18:21:58 , 0.223 , 1.595 , 0.2046 , 1.6075 , 0.1882 , 31.476
2021-12-31 18:22:09 , 0.226 , 1.7167 , 0.003 , 1.7236 , -0.0019 , 31.476
2021-12-31 18:22:19 , 0.229 , 1.21 , 0.3675 , 1.1985 , 0.3724 , 31.476
2021-12-31 18:22:29 , 0.232 , 0.157 , 1.6467 , 0.1439 , 1.6577 , 32.552
2021-12-31 18:22:39 , 0.235 , 0.1353 , 1.5938 , 0.13 , 1.5756 , 32.552
2021-12-31 18:22:49 , 0.238 , 0.2598 , 1.4318 , 0.2693 , 1.3985 , 32.552
2021-12-31 18:23:00 , 0.24 , 0.2335 , 1.4782 , 0.2434 , 1.448 , 33.09
2021-12-31 18:23:10 , 0.243 , 0.2404 , 1.4609 , 0.2495 , 1.4295 , 32.014
2021-12-31 18:23:20 , 0.246 , 1.1606 , 0.3916 , 1.1486 , 0.3945 , 32.014
2021-12-31 18:23:30 , 0.249 , 1.1888 , 0.3503 , 1.2023 , 0.3477 , 32.552
2021-12-31 18:23:41 , 0.252 , 1.6875 , -0.0028 , 1.6904 , -0.001 , 32.552
2021-12-31 18:23:51 , 0.255 , 1.6856 , 0.0 , 1.6837 , 0.0041 , 32.552
2021-12-31 18:24:01 , 0.257 , 1.3398 , 0.318 , 1.3035 , 0.3217 , 33.09
2021-12-31 18:24:11 , 0.26 , 0.0129 , 1.7136 , -0.0103 , 1.7135 , 32.552
2021-12-31 18:24:21 , 0.263 , 0.0225 , 1.7308 , 0.0043 , 1.7305 , 33.09
2021-12-31 18:24:32 , 0.266 , 1.7173 , 0.0344 , 1.7273 , 0.0316 , 32.552
2021-12-31 18:24:42 , 0.269 , 1.1902 , 0.3823 , 1.1733 , 0.3755 , 33.09
2021-12-31 18:24:52 , 0.272 , 0.2931 , 1.5024 , 0.2742 , 1.5278 , 33.09
2021-12-31 18:25:02 , 0.275 , 0.0947 , 1.6967 , 0.0851 , 1.7013 , 33.628
2021-12-31 18:25:13 , 0.277 , 0.0515 , 1.7231 , 0.0375 , 1.7257 , 33.09
2021-12-31 18:25:23 , 0.28 , 1.0983 , 0.4666 , 1.1161 , 0.4606 , 33.628
2021-12-31 18:25:33 , 0.283 , 1.5873 , 0.1393 , 1.5731 , 0.1553 , 32.552
2021-12-31 18:25:43 , 0.286 , 0.1132 , 1.6811 , 0.0987 , 1.6905 , 33.628
2021-12-31 18:25:53 , 0.289 , 0.3932 , 1.1669 , 0.3926 , 1.1227 , 33.09
2021-12-31 18:26:04 , 0.292 , 1.6394 , 0.0517 , 1.6396 , 0.0555 , 33.628
2021-12-31 18:26:14 , 0.294 , 1.1753 , 0.3861 , 1.1445 , 0.3964 , 33.628
2021-12-31 18:26:24 , 0.297 , 0.6334 , 0.7942 , 0.6087 , 0.8371 , 33.628
2021-12-31 18:26:34 , 0.3 , 0.2876 , 1.511 , 0.2701 , 1.5383 , 33.09
2021-12-31 18:26:44 , 0.303 , 0.3718 , 1.1473 , 0.3982 , 1.1374 , 33.628
2021-12-31 18:26:55 , 0.306 , 0.8179 , 0.596 , 0.863 , 0.5696 , 33.628
2021-12-31 18:27:05 , 0.309 , 1.5303 , 0.257 , 1.5552 , 0.2444 , 33.628
2021-12-31 18:27:15 , 0.311 , 0.6978 , 0.9825 , 0.5802 , 1.028 , 34.166
2021-12-31 18:27:25 , 0.314 , 1.5114 , 0.2136 , 1.4818 , 0.2343 , 33.628
2021-12-31 18:27:36 , 0.317 , 0.0627 , 1.6509 , 0.0442 , 1.6446 , 33.628
2021-12-31 18:27:46 , 0.32 , 0.6832 , 0.6901 , 0.7047 , 0.6609 , 33.628
2021-12-31 18:27:56 , 0.323 , 1.552 , 0.1901 , 1.544 , 0.1974 , 34.166
2021-12-31 18:28:06 , 0.326 , 1.72 , -0.003 , 1.7247 , -0.004 , 33.628
2021-12-31 18:28:16 , 0.328 , 1.6355 , 0.0679 , 1.624 , 0.0902 , 33.628
2021-12-31 18:28:27 , 0.331 , 1.1893 , 0.3861 , 1.139 , 0.4089 , 33.628
2021-12-31 18:28:37 , 0.334 , 0.4638 , 1.1388 , 0.44 , 1.1925 , 33.628
2021-12-31 18:28:47 , 0.337 , 0.0641 , 1.7135 , 0.0521 , 1.7188 , 33.628
2021-12-31 18:28:57 , 0.34 , 0.3334 , 1.264 , 0.3518 , 1.2215 , 34.166
2021-12-31 18:29:07 , 0.343 , 1.5734 , 0.1482 , 1.5925 , 0.1311 , 33.628
2021-12-31 18:29:18 , 0.345 , 1.6195 , 0.0864 , 1.6082 , 0.1033 , 33.09
2021-12-31 18:29:28 , 0.348 , 1.5473 , 0.1774 , 1.5216 , 0.2013 , 33.628
2021-12-31 18:29:38 , 0.351 , 0.5815 , 0.887 , 0.5567 , 0.9395 , 33.628
2021-12-31 18:29:48 , 0.354 , 0.1093 , 1.684 , 0.095 , 1.6932 , 34.166
2021-12-31 18:29:59 , 0.357 , 0.0374 , 1.7284 , 0.0213 , 1.7281 , 33.628
2021-12-31 18:30:09 , 0.36 , 0.0413 , 1.7309 , 0.0231 , 1.7317 , 33.628
2021-12-31 18:30:19 , 0.362 , 0.192 , 1.5363 , 0.1933 , 1.5138 , 34.166
2021-12-31 18:30:29 , 0.365 , 1.6845 , 0.09 , 1.695 , 0.0753 , 34.166
2021-12-31 18:30:39 , 0.368 , 0.2625 , 1.5182 , 0.1976 , 1.6229 , 34.166
2021-12-31 18:30:50 , 0.371 , 0.4892 , 0.9332 , 0.5151 , 0.8841 , 33.628
2021-12-31 18:31:00 , 0.374 , 1.7158 , 0.026 , 1.7235 , 0.0179 , 34.166
2021-12-31 18:31:10 , 0.377 , 0.017 , 1.7226 , -0.002 , 1.7228 , 33.628
2021-12-31 18:31:20 , 0.38 , 0.4894 , 0.9292 , 0.5193 , 0.8834 , 34.166
2021-12-31 18:31:31 , 0.382 , 0.5916 , 0.8441 , 0.5793 , 0.8664 , 33.628
2021-12-31 18:31:41 , 0.385 , 0.0588 , 1.7129 , 0.0433 , 1.7163 , 34.166
2021-12-31 18:31:51 , 0.388 , 1.6619 , 0.0191 , 1.6607 , 0.0227 , 33.628
2021-12-31 18:32:01 , 0.391 , 0.6896 , 0.7178 , 0.6605 , 0.7648 , 34.166
2021-12-31 18:32:11 , 0.394 , 0.0568 , 1.7126 , 0.0431 , 1.7164 , 34.166
2021-12-31 18:32:22 , 0.397 , 0.3115 , 1.3108 , 0.3287 , 1.2646 , 34.166
2021-12-31 18:32:32 , 0.399 , 1.6692 , 0.1068 , 1.6799 , 0.0915 , 33.628
2021-12-31 18:32:42 , 0.402 , 0.3356 , 1.2513 , 0.3408 , 1.2496 , 36.318
2021-12-31 18:32:52 , 0.405 , 1.3332 , 0.3188 , 1.2925 , 0.3375 , 35.242
2021-12-31 18:33:02 , 0.408 , 0.0158 , 1.6978 , -0.0077 , 1.694 , 34.704
2021-12-31 18:33:13 , 0.411 , 0.4563 , 0.9854 , 0.4831 , 0.9472 , 34.704
2021-12-31 18:33:23 , 0.414 , 1.706 , 0.0527 , 1.7159 , 0.0411 , 34.166
2021-12-31 18:33:33 , 0.416 , 1.0914 , 0.4294 , 1.0384 , 0.4551 , 34.704
2021-12-31 18:33:43 , 0.419 , 0.2831 , 1.5104 , 0.2627 , 1.5417 , 34.166
2021-12-31 18:33:54 , 0.422 , 0.213 , 1.5269 , 0.2122 , 1.519 , 33.628
2021-12-31 18:34:04 , 0.425 , 0.4355 , 1.2409 , 0.3332 , 1.2832 , 35.242
2021-12-31 18:34:14 , 0.428 , 0.9372 , 0.495 , 0.9091 , 0.4891 , 34.166
2021-12-31 18:34:24 , 0.431 , 0.436 , 1.2086 , 0.4126 , 1.2643 , 34.166
2021-12-31 18:34:34 , 0.433 , 0.2062 , 1.6076 , 0.1874 , 1.6228 , 34.704
2021-12-31 18:34:45 , 0.436 , 0.132 , 1.6659 , 0.1166 , 1.6776 , 34.704
2021-12-31 18:34:55 , 0.439 , 0.0706 , 1.7127 , 0.0541 , 1.719 , 34.166
2021-12-31 18:35:05 , 0.442 , 0.2172 , 1.527 , 0.2146 , 1.5146 , 33.628
2021-12-31 18:35:15 , 0.445 , 0.8434 , 0.5827 , 0.8942 , 0.5525 , 34.166
2021-12-31 18:35:25 , 0.448 , 0.6339 , 0.7704 , 0.6211 , 0.7843 , 34.166
2021-12-31 18:35:36 , 0.45 , 0.1901 , 1.5307 , 0.1928 , 1.5031 , 34.166
2021-12-31 18:35:46 , 0.453 , 0.4165 , 1.0765 , 0.427 , 1.0471 , 34.166
2021-12-31 18:35:56 , 0.456 , 1.2123 , 0.4123 , 1.2556 , 0.3917 , 34.166
2021-12-31 18:36:06 , 0.459 , 1.7056 , -0.0051 , 1.708 , -0.0038 , 34.166
2021-12-31 18:36:17 , 0.462 , 1.4182 , 0.2749 , 1.3812 , 0.2957 , 34.166
2021-12-31 18:36:27 , 0.465 , 0.6099 , 0.8415 , 0.5796 , 0.8919 , 33.628
2021-12-31 18:36:37 , 0.467 , 0.0173 , 1.7084 , -0.0095 , 1.7063 , 34.166
2021-12-31 18:36:47 , 0.47 , 1.5951 , 0.1199 , 1.5897 , 0.1283 , 34.166
2021-12-31 18:36:57 , 0.473 , 1.4063 , 0.2844 , 1.3692 , 0.3033 , 34.166
2021-12-31 18:37:08 , 0.476 , 0.7613 , 0.632 , 0.7216 , 0.6525 , 33.628
2021-12-31 18:37:18 , 0.479 , 0.0862 , 1.6281 , 0.0677 , 1.6223 , 33.628
2021-12-31 18:37:28 , 0.482 , 0.0211 , 1.7216 , 0.001 , 1.7172 , 34.166
2021-12-31 18:37:38 , 0.485 , 0.0254 , 1.7229 , 0.0074 , 1.7215 , 33.628
2021-12-31 18:37:49 , 0.487 , 0.0182 , 1.6976 , -0.0009 , 1.6887 , 34.166
2021-12-31 18:37:59 , 0.49 , 0.023 , 1.6885 , 0.0057 , 1.6788 , 33.628
2021-12-31 18:38:09 , 0.493 , 0.1114 , 1.6034 , 0.109 , 1.5842 , 33.628
2021-12-31 18:38:19 , 0.496 , 1.1634 , 0.3879 , 1.1419 , 0.3967 , 33.628
2021-12-31 18:38:29 , 0.499 , 0.2068 , 1.5968 , 0.188 , 1.6113 , 34.166
2021-12-31 18:38:40 , 0.502 , 0.0276 , 1.6792 , 0.0109 , 1.6688 , 33.628
2021-12-31 18:38:50 , 0.504 , 0.0261 , 1.717 , -0.0037 , 1.7152 , 33.628
2021-12-31 18:39:00 , 0.507 , 0.0258 , 1.6808 , 0.0108 , 1.6698 , 33.09
2021-12-31 18:39:10 , 0.51 , 0.5991 , 0.7808 , 0.6289 , 0.7348 , 33.628
2021-12-31 18:39:20 , 0.513 , 0.0935 , 1.6852 , 0.0859 , 1.6896 , 33.628
2021-12-31 18:39:31 , 0.516 , 0.5908 , 0.7883 , 0.6258 , 0.742 , 34.166
2021-12-31 18:39:41 , 0.519 , 1.695 , 0.0001 , 1.6952 , 0.0039 , 33.628
2021-12-31 18:39:51 , 0.521 , 1.5813 , 0.1355 , 1.5611 , 0.1599 , 33.628
2021-12-31 18:40:01 , 0.524 , 1.6947 , -0.0099 , 1.6978 , -0.0092 , 33.628
2021-12-31 18:40:12 , 0.527 , 1.5451 , 0.1762 , 1.52 , 0.2002 , 33.628
2021-12-31 18:40:22 , 0.53 , 0.882 , 0.558 , 0.9252 , 0.5373 , 33.628
2021-12-31 18:40:32 , 0.533 , 1.648 , 0.139 , 1.6564 , 0.1242 , 33.628
2021-12-31 18:40:42 , 0.536 , 0.37 , 1.3473 , 0.3586 , 1.3666 , 33.628
2021-12-31 18:40:52 , 0.538 , 0.3523 , 1.3863 , 0.3334 , 1.4265 , 33.628
2021-12-31 18:41:03 , 0.541 , 0.2616 , 1.5432 , 0.2413 , 1.557 , 33.628
2021-12-31 18:41:13 , 0.544 , 0.3445 , 1.2478 , 0.3504 , 1.2382 , 33.628
2021-12-31 18:41:23 , 0.547 , 0.9977 , 0.5033 , 1.0504 , 0.4798 , 33.628
2021-12-31 18:41:33 , 0.55 , 1.691 , 0.081 , 1.7015 , 0.0672 , 33.628
2021-12-31 18:41:43 , 0.553 , 1.364 , 0.3069 , 1.32 , 0.3256 , 33.628
2021-12-31 18:41:54 , 0.555 , 0.0653 , 1.712 , 0.0568 , 1.7122 , 33.628
2021-12-31 18:42:04 , 0.558 , 0.2708 , 1.4076 , 0.2839 , 1.372 , 33.628
2021-12-31 18:42:14 , 0.561 , 1.4429 , 0.3139 , 1.4793 , 0.2899 , 33.628
2021-12-31 18:42:24 , 0.564 , 1.6763 , 0.0092 , 1.6741 , 0.0175 , 33.628
2021-12-31 18:42:35 , 0.567 , 0.696 , 0.7212 , 0.6605 , 0.7701 , 33.628
2021-12-31 18:42:45 , 0.57 , 0.1104 , 1.6786 , 0.0964 , 1.6887 , 33.628
2021-12-31 18:42:55 , 0.572 , 0.0157 , 1.7192 , -0.0072 , 1.7195 , 33.628
2021-12-31 18:43:05 , 0.575 , 1.7118 , 0.0447 , 1.7199 , 0.0453 , 33.09
2021-12-31 18:43:15 , 0.578 , 1.4835 , 0.2391 , 1.4552 , 0.2577 , 33.628
2021-12-31 18:43:26 , 0.581 , 0.1973 , 1.6116 , 0.1807 , 1.6256 , 34.166
2021-12-31 18:43:36 , 0.584 , 0.7028 , 0.6766 , 0.7491 , 0.6426 , 33.628
2021-12-31 18:43:46 , 0.587 , 1.4326 , 0.2628 , 1.3932 , 0.286 , 33.628
2021-12-31 18:43:56 , 0.59 , 0.0231 , 1.6859 , 0.0051 , 1.6761 , 33.628
2021-12-31 18:44:07 , 0.592 , 1.4729 , 0.2903 , 1.5019 , 0.2679 , 33.09
2021-12-31 18:44:17 , 0.595 , 1.5083 , 0.2096 , 1.4834 , 0.234 , 33.628
2021-12-31 18:44:27 , 0.598 , 0.1279 , 1.6646 , 0.1118 , 1.6762 , 33.628
2021-12-31 18:44:37 , 0.601 , 0.9823 , 0.5143 , 0.8406 , 0.5848 , 33.628
2021-12-31 18:44:47 , 0.604 , 1.7137 , 0.0141 , 1.7203 , 0.0068 , 33.628
2021-12-31 18:44:58 , 0.607 , 0.8964 , 0.5432 , 0.8465 , 0.5789 , 33.628
2021-12-31 18:45:08 , 0.609 , 0.748 , 0.699 , 0.7083 , 0.688 , 33.628
2021-12-31 18:45:18 , 0.612 , 1.6264 , 0.17 , 1.6299 , 0.1653 , 33.628
2021-12-31 18:45:28 , 0.615 , 0.6283 , 0.7299 , 0.6503 , 0.7145 , 33.628
2021-12-31 18:45:38 , 0.618 , 1.0 , 0.4748 , 0.9543 , 0.5033 , 33.628
2021-12-31 18:45:49 , 0.621 , 0.3506 , 1.217 , 0.3711 , 1.1681 , 33.628
2021-12-31 18:45:59 , 0.624 , 1.7084 , 0.003 , 1.7127 , 0.0002 , 33.628
2021-12-31 18:46:09 , 0.626 , 0.5212 , 1.0186 , 0.4953 , 1.074 , 33.09
2021-12-31 18:46:19 , 0.629 , 0.045 , 1.6667 , 0.0295 , 1.6553 , 33.628
2021-12-31 18:46:30 , 0.632 , 0.7669 , 0.6293 , 0.8127 , 0.5997 , 33.628
2021-12-31 18:46:40 , 0.635 , 1.6716 , 0.1069 , 1.6821 , 0.0923 , 33.628
2021-12-31 18:46:50 , 0.638 , 0.156 , 1.6445 , 0.1508 , 1.6472 , 33.628
2021-12-31 18:47:00 , 0.641 , 1.6018 , 0.1098 , 1.5993 , 0.1145 , 33.628
2021-12-31 18:47:10 , 0.643 , 0.3392 , 1.2655 , 0.3455 , 1.2392 , 33.628
2021-12-31 18:47:21 , 0.646 , 0.6155 , 0.7545 , 0.6503 , 0.7187 , 33.628
2021-12-31 18:47:31 , 0.649 , 1.6021 , 0.1941 , 1.6138 , 0.1753 , 33.628
2021-12-31 18:47:41 , 0.652 , 1.5112 , 0.2088 , 1.4801 , 0.2328 , 33.628
2021-12-31 18:47:51 , 0.655 , 0.226 , 1.5868 , 0.207 , 1.5958 , 33.628
2021-12-31 18:48:02 , 0.658 , 0.0371 , 1.7231 , 0.0185 , 1.7231 , 33.628
2021-12-31 18:48:12 , 0.66 , 0.0428 , 1.6636 , 0.0189 , 1.6636 , 33.628
2021-12-31 18:48:22 , 0.663 , 0.0988 , 1.6127 , 0.0853 , 1.6198 , 33.628
2021-12-31 18:48:32 , 0.666 , 1.7126 , 0.0299 , 1.7218 , 0.0273 , 32.552
2021-12-31 18:48:42 , 0.669 , 1.6161 , 0.0837 , 1.6036 , 0.1073 , 33.628
2021-12-31 18:48:53 , 0.672 , 0.8352 , 0.5804 , 0.793 , 0.6194 , 33.628
2021-12-31 18:49:03 , 0.675 , 0.209 , 1.5925 , 0.1912 , 1.607 , 33.09
2021-12-31 18:49:13 , 0.677 , 0.26 , 1.4193 , 0.2723 , 1.3789 , 33.628
2021-12-31 18:49:23 , 0.68 , 1.6339 , 0.1554 , 1.6408 , 0.1455 , 33.628
2021-12-31 18:49:33 , 0.683 , 1.3217 , 0.3234 , 1.2872 , 0.3404 , 33.628
2021-12-31 18:49:44 , 0.686 , 0.3869 , 1.3223 , 0.372 , 1.3551 , 33.628
2021-12-31 18:49:54 , 0.689 , 0.1158 , 1.6765 , 0.101 , 1.6866 , 33.628
2021-12-31 18:50:04 , 0.692 , 0.0187 , 1.7154 , -0.0005 , 1.7106 , 33.628
2021-12-31 18:50:14 , 0.695 , 0.4098 , 1.0818 , 0.4349 , 1.0328 , 33.628
2021-12-31 18:50:25 , 0.697 , 1.4918 , 0.2803 , 1.5223 , 0.2577 , 33.628
2021-12-31 18:50:35 , 0.7 , 0.0861 , 1.6264 , 0.0728 , 1.6222 , 33.628
2021-12-31 18:50:45 , 0.703 , 1.1039 , 0.4597 , 1.156 , 0.4364 , 33.628
2021-12-31 18:50:55 , 0.706 , 0.4178 , 1.2301 , 0.4104 , 1.2432 , 33.628
2021-12-31 18:51:05 , 0.709 , 0.2689 , 1.5405 , 0.2536 , 1.5648 , 33.628
2021-12-31 18:51:16 , 0.712 , 0.2498 , 1.5575 , 0.23 , 1.5814 , 33.628
2021-12-31 18:51:26 , 0.714 , 0.0612 , 1.7122 , 0.0466 , 1.7169 , 33.628
2021-12-31 18:51:36 , 0.717 , 0.1117 , 1.6056 , 0.1067 , 1.5881 , 33.628
2021-12-31 18:51:46 , 0.72 , 0.4471 , 1.0023 , 0.4716 , 0.9558 , 33.09
2021-12-31 18:51:57 , 0.723 , 1.6798 , 0.098 , 1.6896 , 0.0835 , 33.628
2021-12-31 18:52:07 , 0.726 , 0.0336 , 1.6738 , 0.0119 , 1.6702 , 33.628
2021-12-31 18:52:17 , 0.729 , 0.6283 , 0.7428 , 0.6652 , 0.7077 , 33.628
2021-12-31 18:52:27 , 0.731 , 0.7586 , 0.6108 , 0.7472 , 0.6283 , 33.628
2021-12-31 18:52:37 , 0.734 , 0.141 , 1.6586 , 0.1247 , 1.6713 , 33.628
2021-12-31 18:52:48 , 0.737 , 0.5428 , 0.8483 , 0.5765 , 0.8027 , 33.628
2021-12-31 18:52:58 , 0.74 , 1.719 , 0.0065 , 1.7243 , 0.0017 , 33.628
2021-12-31 18:53:08 , 0.743 , 1.5132 , 0.2192 , 1.5097 , 0.2275 , 32.552
2021-12-31 18:53:18 , 0.746 , 1.0077 , 0.4592 , 0.999 , 0.4575 , 33.628
2021-12-31 18:53:28 , 0.748 , 0.3574 , 1.2131 , 0.3664 , 1.1996 , 33.628
2021-12-31 18:53:39 , 0.751 , 1.3324 , 0.3626 , 1.3709 , 0.3399 , 33.09
2021-12-31 18:53:49 , 0.754 , 1.5143 , 0.2038 , 1.4867 , 0.2274 , 33.628
2021-12-31 18:53:59 , 0.757 , 0.1897 , 1.6198 , 0.1684 , 1.6363 , 33.628
2021-12-31 18:54:09 , 0.76 , 0.3234 , 1.2814 , 0.3422 , 1.2355 , 33.628
2021-12-31 18:54:20 , 0.763 , 1.3131 , 0.3755 , 1.3514 , 0.3517 , 33.628
2021-12-31 18:54:30 , 0.765 , 1.6647 , 0.0204 , 1.6603 , 0.0346 , 33.628
2021-12-31 18:54:40 , 0.768 , 0.3582 , 1.3827 , 0.3347 , 1.425 , 33.628
2021-12-31 18:54:50 , 0.771 , 0.0328 , 1.7262 , 0.0152 , 1.7245 , 33.628
2021-12-31 18:55:00 , 0.774 , 0.6199 , 0.7538 , 0.657 , 0.7148 , 33.628
2021-12-31 18:55:11 , 0.777 , 1.6718 , 0.1114 , 1.6821 , 0.0971 , 33.628
2021-12-31 18:55:21 , 0.78 , 1.6333 , 0.0667 , 1.6288 , 0.0777 , 33.628
2021-12-31 18:55:31 , 0.783 , 1.4312 , 0.271 , 1.3972 , 0.2888 , 33.09
2021-12-31 18:55:41 , 0.785 , 0.2456 , 1.4679 , 0.2536 , 1.4587 , 33.628
2021-12-31 18:55:51 , 0.788 , 0.8821 , 0.5145 , 0.8769 , 0.525 , 33.628
2021-12-31 18:56:02 , 0.791 , 0.6887 , 0.6789 , 0.7044 , 0.666 , 33.628
2021-12-31 18:56:12 , 0.794 , 1.635 , 0.1613 , 1.6463 , 0.1431 , 33.628
2021-12-31 18:56:22 , 0.797 , 1.542 , 0.1781 , 1.5518 , 0.1888 , 33.628
2021-12-31 18:56:32 , 0.8 , 0.3189 , 1.454 , 0.2954 , 1.4942 , 33.628
2021-12-31 18:56:43 , 0.802 , 0.2467 , 1.445 , 0.2581 , 1.4081 , 33.628
2021-12-31 18:56:53 , 0.805 , 0.9304 , 0.5408 , 0.9701 , 0.5189 , 33.628
2021-12-31 18:57:03 , 0.808 , 1.2475 , 0.4224 , 1.1994 , 0.4206 , 33.628
2021-12-31 18:57:13 , 0.811 , 1.641 , 0.1562 , 1.6485 , 0.1379 , 33.628
2021-12-31 18:57:23 , 0.814 , 0.0434 , 1.7271 , 0.0321 , 1.7261 , 33.628
2021-12-31 18:57:34 , 0.817 , 0.795 , 0.6105 , 0.8328 , 0.583 , 33.628
2021-12-31 18:57:44 , 0.819 , 1.7082 , 0.0002 , 1.712 , -0.002 , 33.628
2021-12-31 18:57:54 , 0.822 , 0.624 , 0.8027 , 0.6044 , 0.8544 , 33.628
2021-12-31 18:58:04 , 0.825 , 0.0788 , 1.6306 , 0.0625 , 1.6345 , 33.09
2021-12-31 18:58:15 , 0.828 , 0.6982 , 0.6783 , 0.7405 , 0.6448 , 33.628
2021-12-31 18:58:25 , 0.831 , 1.6487 , 0.041 , 1.641 , 0.0593 , 33.628
2021-12-31 18:58:35 , 0.834 , 0.3815 , 1.3349 , 0.3582 , 1.3841 , 33.628
2021-12-31 18:58:45 , 0.836 , 0.1339 , 1.5858 , 0.1324 , 1.5627 , 33.628
2021-12-31 18:58:55 , 0.839 , 1.0367 , 0.4901 , 1.0847 , 0.4658 , 33.628
2021-12-31 18:59:06 , 0.842 , 1.7035 , -0.0018 , 1.7059 , -0.0009 , 33.628
2021-12-31 18:59:16 , 0.845 , 1.1027 , 0.4203 , 1.0581 , 0.4446 , 33.628
2021-12-31 18:59:26 , 0.848 , 0.4297 , 1.2289 , 0.4057 , 1.2853 , 33.628
2021-12-31 18:59:36 , 0.851 , 0.0202 , 1.7156 , 0.0025 , 1.7106 , 33.628
2021-12-31 18:59:47 , 0.853 , 0.7794 , 0.6235 , 0.823 , 0.595 , 33.628
2021-12-31 18:59:57 , 0.856 , 0.0315 , 1.6765 , 0.0074 , 1.6708 , 33.628
2021-12-31 19:00:08 , 0.859 , 0.183 , 1.5857 , 0.1115 , 1.6196 , 34.704
2021-12-31 19:00:41 , 0.0 , 1.6295 , 0.1661 , 1.4554 , 0.1551 , 27.172
2021-12-31 19:46:11 , 0.758 , 0.693 , 1.0284 , 0.5469 , 1.1577 , 28.248
2021-12-31 19:46:21 , 0.761 , 0.5125 , 1.0387 , 0.5016 , 1.0586 , 27.172
2021-12-31 19:46:32 , 0.764 , 1.6233 , 0.1832 , 1.6273 , 0.1723 , 27.172
2021-12-31 19:46:42 , 0.767 , 1.7065 , -0.0081 , 1.7079 , -0.0048 , 27.71
2021-12-31 19:46:52 , 0.77 , 0.7195 , 0.6931 , 0.6851 , 0.7382 , 28.248
2021-12-31 19:47:02 , 0.773 , 0.0706 , 1.7133 , 0.058 , 1.7171 , 28.248
2021-12-31 19:47:13 , 0.776 , 0.4128 , 1.0783 , 0.429 , 1.0364 , 28.786
2021-12-31 19:47:23 , 0.778 , 1.6447 , 0.156 , 1.6533 , 0.1431 , 29.324
2021-12-31 19:47:33 , 0.781 , 1.722 , -0.0035 , 1.7303 , -0.007 , 29.324
2021-12-31 19:47:43 , 0.784 , 1.4265 , 0.2755 , 1.3958 , 0.2875 , 29.324
2021-12-31 19:47:53 , 0.787 , 0.7553 , 0.6548 , 0.7192 , 0.6969 , 28.786
2021-12-31 19:48:04 , 0.79 , 0.5268 , 1.0198 , 0.5048 , 1.0682 , 29.862
2021-12-31 19:48:14 , 0.793 , 0.6802 , 0.742 , 0.6526 , 0.7803 , 29.324
2021-12-31 19:48:24 , 0.795 , 0.3985 , 1.3106 , 0.3763 , 1.3595 , 29.324
2021-12-31 19:48:34 , 0.798 , 0.0141 , 1.7085 , -0.0065 , 1.7029 , 30.4
2021-12-31 19:48:45 , 0.801 , 0.5776 , 0.8004 , 0.6165 , 0.7575 , 30.4
2021-12-31 19:48:55 , 0.804 , 1.6852 , 0.0981 , 1.6958 , 0.0846 , 30.4
2021-12-31 19:49:05 , 0.807 , 1.4571 , 0.2548 , 1.4213 , 0.2742 , 30.4
2021-12-31 19:49:15 , 0.81 , 1.1157 , 0.4125 , 1.0728 , 0.424 , 30.938
2021-12-31 19:49:25 , 0.812 , 1.3936 , 0.2918 , 1.3696 , 0.3019 , 30.4
2021-12-31 19:49:36 , 0.815 , 1.5577 , 0.1845 , 1.5652 , 0.156 , 30.938
2021-12-31 19:49:46 , 0.818 , 0.0336 , 1.6836 , 0.0088 , 1.6805 , 31.476
2021-12-31 19:49:56 , 0.821 , 0.0311 , 1.6858 , 0.0118 , 1.6777 , 31.476
2021-12-31 19:50:06 , 0.824 , 0.0158 , 1.728 , -0.0037 , 1.723 , 31.476
2021-12-31 19:50:16 , 0.827 , 1.4128 , 0.3427 , 1.4405 , 0.3315 , 31.476
2021-12-31 19:50:27 , 0.829 , 1.6933 , 0.0875 , 1.7045 , 0.0832 , 31.476
2021-12-31 19:50:37 , 0.832 , 1.6695 , 0.0242 , 1.664 , 0.0385 , 31.476
2021-12-31 19:50:47 , 0.835 , 0.2949 , 1.5247 , 0.2897 , 1.5386 , 32.014
2021-12-31 19:50:57 , 0.838 , 0.4741 , 0.9464 , 0.4794 , 0.9447 , 31.476
2021-12-31 19:51:08 , 0.841 , 0.266 , 1.4176 , 0.2784 , 1.3871 , 31.476
2021-12-31 19:51:18 , 0.844 , 1.7279 , -0.0027 , 1.7346 , -0.0029 , 32.014
2021-12-31 19:51:28 , 0.846 , 1.6598 , 0.0359 , 1.6544 , 0.0497 , 32.014
2021-12-31 19:51:38 , 0.849 , 1.6317 , 0.0751 , 1.62 , 0.0968 , 32.014
2021-12-31 19:51:48 , 0.852 , 1.5916 , 0.1326 , 1.5714 , 0.1555 , 32.552
2021-12-31 19:51:59 , 0.855 , 0.9677 , 0.4918 , 0.9222 , 0.5217 , 32.552
2021-12-31 19:52:09 , 0.858 , 0.1225 , 1.6803 , 0.1106 , 1.6884 , 32.552
2021-12-31 19:52:19 , 0.861 , 0.0551 , 1.6598 , 0.0326 , 1.6607 , 32.014
2021-12-31 19:52:29 , 0.863 , 0.1766 , 1.5566 , 0.1767 , 1.5323 , 32.552
2021-12-31 19:52:40 , 0.866 , 0.2607 , 1.4269 , 0.2716 , 1.3923 , 32.014
2021-12-31 19:52:50 , 0.869 , 0.3241 , 1.2854 , 0.3364 , 1.2465 , 32.552
2021-12-31 19:53:00 , 0.872 , 0.2111 , 1.5078 , 0.2173 , 1.4763 , 33.09
2021-12-31 19:53:10 , 0.875 , 0.3457 , 1.2273 , 0.3626 , 1.1888 , 32.552
2021-12-31 19:53:20 , 0.878 , 0.8184 , 0.6056 , 0.8508 , 0.5917 , 32.552
2021-12-31 19:53:31 , 0.881 , 1.2793 , 0.3928 , 1.3258 , 0.3709 , 32.552
2021-12-31 19:53:41 , 0.883 , 1.0769 , 0.4787 , 1.1229 , 0.4576 , 33.09
2021-12-31 19:53:51 , 0.886 , 1.0149 , 0.5068 , 1.0609 , 0.4856 , 33.09
2021-12-31 19:54:01 , 0.889 , 0.8166 , 0.606 , 0.8614 , 0.5819 , 32.552
2021-12-31 19:54:11 , 0.892 , 0.666 , 0.7073 , 0.704 , 0.6819 , 32.552
2021-12-31 19:54:22 , 0.895 , 0.5183 , 0.8891 , 0.5192 , 0.8636 , 32.552
2021-12-31 19:54:32 , 0.898 , 0.2968 , 1.3773 , 0.2956 , 1.3495 , 32.552
2021-12-31 19:54:42 , 0.9 , 1.7294 , 0.0093 , 1.7381 , 0.0075 , 32.552
2021-12-31 19:54:52 , 0.903 , 0.021 , 1.7374 , 0.0005 , 1.736 , 32.552
2021-12-31 19:55:03 , 0.906 , 0.1729 , 1.5503 , 0.1749 , 1.5223 , 33.09
2021-12-31 19:55:13 , 0.909 , 0.2204 , 1.4932 , 0.2258 , 1.4564 , 33.09
2021-12-31 19:55:23 , 0.912 , 0.3037 , 1.3266 , 0.321 , 1.2823 , 32.552
2021-12-31 19:55:33 , 0.915 , 0.4957 , 0.9143 , 0.5283 , 0.8656 , 33.09
2021-12-31 19:55:43 , 0.917 , 0.4299 , 1.0448 , 0.445 , 1.0039 , 32.552
2021-12-31 19:55:54 , 0.92 , 0.4094 , 1.0822 , 0.4298 , 1.0406 , 33.628
2021-12-31 19:56:04 , 0.923 , 0.8093 , 0.6091 , 0.862 , 0.5812 , 33.628
2021-12-31 19:56:14 , 0.926 , 1.7122 , 0.0566 , 1.7209 , 0.0526 , 33.09
2021-12-31 19:56:24 , 0.929 , 1.5303 , 0.2631 , 1.5564 , 0.2433 , 33.628
2021-12-31 19:56:34 , 0.932 , 0.5432 , 0.8419 , 0.578 , 0.7994 , 32.552
2021-12-31 19:56:45 , 0.934 , 0.8606 , 0.5827 , 0.9101 , 0.5545 , 33.09
2021-12-31 19:56:55 , 0.937 , 1.465 , 0.2964 , 1.5004 , 0.2732 , 33.09
2021-12-31 19:57:05 , 0.94 , 1.6403 , 0.1588 , 1.6498 , 0.1414 , 32.552
2021-12-31 19:57:15 , 0.943 , 1.6764 , 0.1163 , 1.6855 , 0.1044 , 33.09
2021-12-31 19:57:26 , 0.946 , 1.6651 , 0.1301 , 1.6743 , 0.1146 , 33.628
2021-12-31 19:57:36 , 0.949 , 1.7253 , 0.0137 , 1.7319 , 0.0055 , 33.09
2021-12-31 19:57:46 , 0.951 , 0.5579 , 0.9308 , 0.5511 , 0.9482 , 32.552
2021-12-31 19:57:56 , 0.954 , 1.0045 , 0.466 , 0.9675 , 0.4911 , 33.09
2021-12-31 19:58:06 , 0.957 , 0.8121 , 0.608 , 0.769 , 0.6544 , 33.628
2021-12-31 19:58:17 , 0.96 , 0.1362 , 1.6681 , 0.1198 , 1.68 , 33.628
2021-12-31 19:58:27 , 0.963 , 0.3051 , 1.3182 , 0.3247 , 1.2684 , 32.552
2021-12-31 19:58:37 , 0.966 , 0.9293 , 0.5493 , 0.967 , 0.5369 , 34.166
2021-12-31 19:58:47 , 0.969 , 0.5906 , 0.873 , 0.5806 , 0.8867 , 33.09
2021-12-31 19:58:58 , 0.971 , 0.3943 , 1.3183 , 0.3737 , 1.3628 , 33.628
2021-12-31 19:59:08 , 0.974 , 0.7228 , 0.661 , 0.746 , 0.6452 , 33.628
2021-12-31 19:59:18 , 0.977 , 1.0753 , 0.4831 , 1.1209 , 0.457 , 33.628
2021-12-31 19:59:28 , 0.98 , 1.7077 , 0.0642 , 1.7184 , 0.0537 , 32.552
2021-12-31 19:59:38 , 0.983 , 1.0451 , 0.4551 , 0.9914 , 0.4873 , 33.628
2021-12-31 19:59:49 , 0.986 , 0.1473 , 1.575 , 0.1501 , 1.5465 , 33.09
2021-12-31 19:59:59 , 0.988 , 1.627 , 0.084 , 1.6147 , 0.102 , 33.09
2021-12-31 20:00:10 , 0.992 , 0.3236 , 1.2388 , 0.4983 , 1.2222 , 34.704
2021-12-31 20:00:43 , 0.0 , 0.409 , 1.5247 , 0.3385 , 1.4436 , 27.172
2021-12-31 20:46:14 , 0.759 , 0.3929 , 1.253 , 0.3486 , 1.2489 , 29.324
2021-12-31 20:46:24 , 0.761 , 0.5464 , 0.8341 , 0.5715 , 0.8017 , 27.172
2021-12-31 20:46:34 , 0.764 , 0.1324 , 1.602 , 0.1301 , 1.5862 , 27.172
2021-12-31 20:46:44 , 0.767 , 0.0537 , 1.6675 , 0.0289 , 1.6726 , 28.248
2021-12-31 20:46:54 , 0.77 , 0.2316 , 1.5926 , 0.2446 , 1.5833 , 28.248
2021-12-31 20:47:05 , 0.773 , 0.6644 , 0.7472 , 0.6503 , 0.7625 , 28.248
2021-12-31 20:47:15 , 0.776 , 0.4933 , 1.0918 , 0.4779 , 1.1336 , 28.248
2021-12-31 20:47:25 , 0.778 , 0.2908 , 1.5311 , 0.2733 , 1.5517 , 29.324
2021-12-31 20:47:35 , 0.781 , 0.2176 , 1.6008 , 0.2182 , 1.6079 , 29.324
2021-12-31 20:47:46 , 0.784 , 0.1027 , 1.7023 , 0.093 , 1.7088 , 29.324
2021-12-31 20:47:56 , 0.787 , 0.0124 , 1.7383 , -0.011 , 1.7367 , 29.324
2021-12-31 20:48:06 , 0.79 , 0.2748 , 1.5593 , 0.2758 , 1.5602 , 29.324
2021-12-31 20:48:16 , 0.793 , 1.0631 , 0.4279 , 1.0417 , 0.436 , 29.862
2021-12-31 20:48:26 , 0.795 , 1.6888 , 0.006 , 1.6869 , 0.0146 , 29.862
2021-12-31 20:48:37 , 0.798 , 1.7203 , 0.0534 , 1.7302 , 0.0449 , 29.862
2021-12-31 20:48:47 , 0.801 , 1.3573 , 0.3635 , 1.3954 , 0.3477 , 30.4
2021-12-31 20:48:57 , 0.804 , 0.4314 , 1.0378 , 0.4449 , 1.0021 , 30.4
2021-12-31 20:49:07 , 0.807 , 0.0098 , 1.722 , -0.0122 , 1.7172 , 30.4
2021-12-31 20:49:17 , 0.81 , 0.2686 , 1.5645 , 0.2607 , 1.5677 , 31.476
2021-12-31 20:49:28 , 0.812 , 1.3026 , 0.3207 , 1.2942 , 0.3308 , 30.938
2021-12-31 20:49:38 , 0.815 , 1.6579 , 0.1505 , 1.6642 , 0.1388 , 31.476
2021-12-31 20:49:48 , 0.818 , 0.3067 , 1.3303 , 0.3171 , 1.3002 , 31.476
2021-12-31 20:49:58 , 0.821 , 0.0374 , 1.7414 , 0.0212 , 1.743 , 31.476
2021-12-31 20:50:09 , 0.824 , 0.1353 , 1.675 , 0.1242 , 1.6838 , 31.476
2021-12-31 20:50:19 , 0.827 , 0.0231 , 1.7426 , 0.0037 , 1.7412 , 32.014
2021-12-31 20:50:29 , 0.83 , 0.0187 , 1.7071 , -0.0066 , 1.7017 , 31.476
2021-12-31 20:50:39 , 0.832 , 1.7284 , 0.0407 , 1.7371 , 0.0389 , 31.476
2021-12-31 20:50:49 , 0.835 , 1.659 , 0.1496 , 1.6627 , 0.1455 , 31.476
2021-12-31 20:51:00 , 0.838 , 0.8395 , 0.5961 , 0.8758 , 0.5771 , 31.476
2021-12-31 20:51:10 , 0.841 , 0.0826 , 1.6427 , 0.0725 , 1.6313 , 31.476
2021-12-31 20:51:20 , 0.844 , 0.065 , 1.7269 , 0.0532 , 1.7296 , 32.014
2021-12-31 20:51:30 , 0.847 , 0.3606 , 1.399 , 0.3461 , 1.4323 , 32.014
2021-12-31 20:51:41 , 0.849 , 1.0998 , 0.4151 , 1.0664 , 0.4308 , 32.014
2021-12-31 20:51:51 , 0.852 , 1.6223 , 0.0978 , 1.6122 , 0.1148 , 32.014
2021-12-31 20:52:01 , 0.855 , 1.7303 , -0.0106 , 1.7356 , -0.013 , 31.476
2021-12-31 20:52:11 , 0.858 , 1.705 , 0.0818 , 1.7141 , 0.0774 , 32.552
2021-12-31 20:52:21 , 0.861 , 1.3185 , 0.38 , 1.3579 , 0.3646 , 32.552
2021-12-31 20:52:32 , 0.864 , 0.5319 , 0.8544 , 0.5557 , 0.82 , 32.014
2021-12-31 20:52:42 , 0.866 , 1.4722 , 0.319 , 1.4963 , 0.3099 , 32.014
2021-12-31 20:52:52 , 0.869 , 1.2352 , 0.3536 , 1.2299 , 0.3533 , 32.552
2021-12-31 20:53:02 , 0.872 , 1.6759 , 0.1256 , 1.6777 , 0.1279 , 32.552
2021-12-31 20:53:12 , 0.875 , 0.3146 , 1.3074 , 0.3259 , 1.2767 , 32.014
2021-12-31 20:53:23 , 0.878 , 0.1254 , 1.6837 , 0.1148 , 1.6906 , 32.552
2021-12-31 20:53:33 , 0.881 , 0.0299 , 1.7464 , 0.0145 , 1.746 , 32.552
2021-12-31 20:53:43 , 0.883 , 0.7425 , 0.6363 , 0.7237 , 0.6465 , 32.552
2021-12-31 20:53:53 , 0.886 , 1.7341 , 0.0148 , 1.7426 , 0.0106 , 32.552
2021-12-31 20:54:04 , 0.889 , 0.5625 , 0.811 , 0.5874 , 0.7792 , 32.552
2021-12-31 20:54:14 , 0.892 , 1.3445 , 0.3725 , 1.3701 , 0.3714 , 32.552
2021-12-31 20:54:24 , 0.895 , 1.6452 , 0.057 , 1.646 , 0.0598 , 33.09
2021-12-31 20:54:34 , 0.898 , 0.4943 , 1.0752 , 0.4843 , 1.077 , 32.552
2021-12-31 20:54:44 , 0.9 , 1.5951 , 0.1405 , 1.5809 , 0.1593 , 33.09
2021-12-31 20:54:55 , 0.903 , 1.3727 , 0.3588 , 1.4091 , 0.3397 , 33.628
2021-12-31 20:55:05 , 0.906 , 0.3352 , 1.2513 , 0.35 , 1.2136 , 33.09
2021-12-31 20:55:15 , 0.909 , 0.2822 , 1.3828 , 0.2926 , 1.3544 , 32.552
2021-12-31 20:55:25 , 0.912 , 0.1126 , 1.6938 , 0.1042 , 1.6985 , 33.09
2021-12-31 20:55:35 , 0.915 , 1.2211 , 0.3623 , 1.1868 , 0.3781 , 33.09
2021-12-31 20:55:46 , 0.917 , 1.4647 , 0.3154 , 1.4924 , 0.298 , 32.552
2021-12-31 20:55:56 , 0.92 , 0.0089 , 1.7297 , -0.0118 , 1.7238 , 32.552
2021-12-31 20:56:06 , 0.923 , 0.5243 , 1.0251 , 0.5037 , 1.0726 , 33.628
2021-12-31 20:56:16 , 0.926 , 1.3646 , 0.2992 , 1.3373 , 0.3122 , 32.552
2021-12-31 20:56:27 , 0.929 , 1.7269 , -0.012 , 1.7335 , -0.0154 , 33.09
2021-12-31 20:56:37 , 0.932 , 1.5124 , 0.2948 , 1.5334 , 0.2868 , 32.552
2021-12-31 20:56:47 , 0.935 , 0.4784 , 0.9403 , 0.5018 , 0.8982 , 33.09
2021-12-31 20:56:57 , 0.937 , 0.0286 , 1.6938 , 0.0096 , 1.6838 , 33.09
2021-12-31 20:57:07 , 0.94 , 0.2141 , 1.6124 , 0.1995 , 1.625 , 33.628
2021-12-31 20:57:18 , 0.943 , 1.151 , 0.3934 , 1.114 , 0.4107 , 33.628
2021-12-31 20:57:28 , 0.946 , 1.5912 , 0.2269 , 1.6025 , 0.2101 , 33.628
2021-12-31 20:57:38 , 0.949 , 0.0835 , 1.64 , 0.0753 , 1.6283 , 33.09
2021-12-31 20:57:48 , 0.952 , 1.543 , 0.2809 , 1.5549 , 0.2804 , 33.628
2021-12-31 20:57:59 , 0.954 , 0.5308 , 0.8566 , 0.5615 , 0.8152 , 33.09
2021-12-31 20:58:09 , 0.957 , 0.0104 , 1.736 , -0.0091 , 1.7301 , 33.09
2021-12-31 20:58:19 , 0.96 , 0.3656 , 1.3958 , 0.3466 , 1.434 , 33.628
2021-12-31 20:58:29 , 0.963 , 1.026 , 0.4526 , 0.9867 , 0.4754 , 33.09
2021-12-31 20:58:39 , 0.966 , 1.7121 , -0.0102 , 1.7129 , -0.0067 , 33.628
2021-12-31 20:58:50 , 0.969 , 1.4567 , 0.3237 , 1.4693 , 0.3203 , 33.628
2021-12-31 20:59:00 , 0.971 , 0.9269 , 0.4869 , 0.92 , 0.4958 , 33.628
2021-12-31 20:59:10 , 0.974 , 1.7037 , -0.0097 , 1.7054 , -0.0049 , 33.628
2021-12-31 20:59:20 , 0.977 , 0.4918 , 1.0839 , 0.4858 , 1.0912 , 33.628
2021-12-31 20:59:30 , 0.98 , 0.2459 , 1.4828 , 0.2443 , 1.4717 , 34.166
2021-12-31 20:59:41 , 0.983 , 0.0148 , 1.7403 , -0.0063 , 1.7377 , 33.628
2021-12-31 20:59:51 , 0.986 , 0.1438 , 1.6697 , 0.1303 , 1.6799 , 33.09
2021-12-31 21:00:02 , 0.989 , 1.4198 , 0.1602 , 1.4417 , 0.217 , 34.166
2021-12-31 21:00:35 , 0.0 , 0.3812 , 1.2016 , 0.5459 , 1.0717 , 27.71
2021-12-31 21:46:06 , 0.759 , 0.9912 , 0.5913 , 1.1097 , 0.4551 , 28.786
2021-12-31 21:46:16 , 0.761 , 0.1364 , 1.6758 , 0.1389 , 1.6738 , 27.172
2021-12-31 21:46:26 , 0.764 , 1.7269 , 0.046 , 1.7361 , 0.0445 , 27.172
2021-12-31 21:46:36 , 0.767 , 1.7374 , 0.0191 , 1.7463 , 0.014 , 27.71
2021-12-31 21:46:47 , 0.77 , 1.7365 , 0.021 , 1.7452 , 0.0145 , 27.71
2021-12-31 21:46:57 , 0.773 , 1.6861 , 0.1139 , 1.6946 , 0.1035 , 28.248
2021-12-31 21:47:07 , 0.776 , 1.7213 , -0.0194 , 1.7289 , -0.021 , 28.248
2021-12-31 21:47:17 , 0.778 , 1.7024 , 0.0905 , 1.7114 , 0.0927 , 28.786
2021-12-31 21:47:27 , 0.781 , 1.6818 , 0.1209 , 1.6895 , 0.1091 , 29.324
2021-12-31 21:47:38 , 0.784 , 0.7068 , 0.8391 , 0.6813 , 0.9651 , 28.786
2021-12-31 21:47:48 , 0.787 , 0.4974 , 0.9053 , 0.5085 , 0.8789 , 29.324
2021-12-31 21:47:58 , 0.79 , 1.4996 , 0.2375 , 1.4906 , 0.2439 , 29.324
2021-12-31 21:48:08 , 0.793 , 1.7168 , 0.0717 , 1.7232 , 0.0734 , 29.324
2021-12-31 21:48:19 , 0.795 , 1.6036 , 0.2177 , 1.6089 , 0.2126 , 29.862
2021-12-31 21:48:29 , 0.798 , 1.7285 , 0.0442 , 1.7384 , 0.037 , 29.862
2021-12-31 21:48:39 , 0.801 , 1.7348 , -0.0078 , 1.7412 , -0.0118 , 30.4
2021-12-31 21:48:49 , 0.804 , 1.7307 , 0.0384 , 1.7408 , 0.0317 , 30.938
2021-12-31 21:48:59 , 0.807 , 1.6268 , 0.1913 , 1.6329 , 0.1794 , 30.4
2021-12-31 21:49:10 , 0.81 , 1.1139 , 0.4736 , 1.1187 , 0.4696 , 30.4
2021-12-31 21:49:20 , 0.812 , 0.4171 , 1.0712 , 0.4258 , 1.0649 , 31.476
2021-12-31 21:49:30 , 0.815 , 0.2936 , 1.3846 , 0.2984 , 1.397 , 30.938
2021-12-31 21:49:40 , 0.818 , 0.0733 , 1.7235 , 0.0722 , 1.7221 , 30.938
2021-12-31 21:49:51 , 0.821 , 0.2296 , 1.5993 , 0.234 , 1.5953 , 31.476
2021-12-31 21:50:01 , 0.824 , 0.387 , 1.2911 , 0.3937 , 1.3129 , 31.476
2021-12-31 21:50:11 , 0.827 , 0.2519 , 1.4582 , 0.2568 , 1.4493 , 31.476
2021-12-31 21:50:21 , 0.83 , 0.0067 , 1.7296 , -0.0098 , 1.7312 , 31.476
2021-12-31 21:50:31 , 0.832 , 0.3221 , 1.502 , 0.3131 , 1.4985 , 31.476
2021-12-31 21:50:42 , 0.835 , 0.7933 , 0.601 , 0.768 , 0.6266 , 32.552
2021-12-31 21:50:52 , 0.838 , 1.0928 , 0.4169 , 1.0625 , 0.4351 , 31.476
2021-12-31 21:51:02 , 0.841 , 1.5945 , 0.1416 , 1.5792 , 0.1607 , 31.476
2021-12-31 21:51:12 , 0.844 , 1.3675 , 0.2816 , 1.3846 , 0.2862 , 32.014
2021-12-31 21:51:23 , 0.847 , 1.7128 , -0.0178 , 1.718 , -0.0183 , 32.014
2021-12-31 21:51:33 , 0.849 , 1.7069 , 0.087 , 1.7148 , 0.0787 , 32.014
2021-12-31 21:51:43 , 0.852 , 1.657 , 0.1541 , 1.6652 , 0.1424 , 32.552
2021-12-31 21:51:53 , 0.855 , 1.5294 , 0.2789 , 1.5501 , 0.2649 , 32.552
2021-12-31 21:52:03 , 0.858 , 1.1744 , 0.4414 , 1.2118 , 0.4255 , 32.552
2021-12-31 21:52:14 , 0.861 , 0.7207 , 0.6646 , 0.7521 , 0.6432 , 32.014
2021-12-31 21:52:24 , 0.864 , 0.266 , 1.4328 , 0.2684 , 1.4271 , 32.552
2021-12-31 21:52:34 , 0.866 , 0.0506 , 1.7397 , 0.0376 , 1.7401 , 32.552
2021-12-31 21:52:44 , 0.869 , 0.9689 , 0.5394 , 0.979 , 0.5299 , 32.552
2021-12-31 21:52:54 , 0.872 , 0.2515 , 1.4645 , 0.255 , 1.4561 , 32.552
2021-12-31 21:53:05 , 0.875 , 0.091 , 1.7112 , 0.0818 , 1.7164 , 32.014
2021-12-31 21:53:15 , 0.878 , 0.34 , 1.4447 , 0.3257 , 1.4765 , 32.552
2021-12-31 21:53:25 , 0.881 , 0.5922 , 0.8553 , 0.5867 , 0.8817 , 33.09
2021-12-31 21:53:35 , 0.883 , 0.9686 , 0.4817 , 0.9348 , 0.5005 , 32.552
2021-12-31 21:53:46 , 0.886 , 1.638 , 0.0742 , 1.6304 , 0.0889 , 32.552
2021-12-31 21:53:56 , 0.889 , 1.7234 , 0.0542 , 1.7321 , 0.0526 , 32.552
2021-12-31 21:54:06 , 0.892 , 1.2311 , 0.4176 , 1.2401 , 0.4141 , 33.09
2021-12-31 21:54:16 , 0.895 , 0.5493 , 0.826 , 0.5724 , 0.7954 , 32.552
2021-12-31 21:54:26 , 0.898 , 0.2247 , 1.4986 , 0.2293 , 1.477 , 33.09
2021-12-31 21:54:37 , 0.9 , 0.026 , 1.6966 , 0.0065 , 1.686 , 32.552
2021-12-31 21:54:47 , 0.903 , 0.159 , 1.6595 , 0.1459 , 1.6701 , 33.628
2021-12-31 21:54:57 , 0.906 , 0.9175 , 0.5039 , 0.8943 , 0.522 , 33.09
2021-12-31 21:55:07 , 0.909 , 1.5653 , 0.1727 , 1.5457 , 0.193 , 33.628
2021-12-31 21:55:18 , 0.912 , 1.7352 , -0.0007 , 1.7414 , -0.0057 , 32.552
2021-12-31 21:55:28 , 0.915 , 1.6963 , 0.1013 , 1.705 , 0.0887 , 32.552
2021-12-31 21:55:38 , 0.918 , 1.7234 , -0.019 , 1.731 , -0.0215 , 32.552
2021-12-31 21:55:48 , 0.92 , 1.5782 , 0.2447 , 1.5878 , 0.2398 , 33.09
2021-12-31 21:55:58 , 0.923 , 1.1033 , 0.4717 , 1.1453 , 0.4524 , 33.09
2021-12-31 21:56:09 , 0.926 , 1.6878 , 0.0086 , 1.6887 , 0.0108 , 33.628
2021-12-31 21:56:19 , 0.929 , 1.7257 , 0.0513 , 1.7354 , 0.044 , 33.09
2021-12-31 21:56:29 , 0.932 , 1.5105 , 0.2876 , 1.5325 , 0.271 , 33.09
2021-12-31 21:56:39 , 0.935 , 1.7345 , -0.0101 , 1.7413 , -0.0106 , 33.628
2021-12-31 21:56:49 , 0.937 , 1.4021 , 0.3593 , 1.4183 , 0.3455 , 32.552
2021-12-31 21:57:00 , 0.94 , 0.5165 , 0.8803 , 0.5429 , 0.8346 , 33.628
2021-12-31 21:57:10 , 0.943 , 0.2519 , 1.4425 , 0.2634 , 1.4085 , 33.09
2021-12-31 21:57:20 , 0.946 , 0.1572 , 1.5762 , 0.1592 , 1.5543 , 33.628
2021-12-31 21:57:30 , 0.949 , 0.3811 , 1.1446 , 0.3862 , 1.1325 , 33.628
2021-12-31 21:57:41 , 0.952 , 1.7356 , -0.0096 , 1.7429 , -0.0119 , 33.09
2021-12-31 21:57:51 , 0.954 , 1.6448 , 0.1694 , 1.6502 , 0.1594 , 33.628
2021-12-31 21:58:01 , 0.957 , 1.5417 , 0.2627 , 1.5652 , 0.2444 , 33.09
2021-12-31 21:58:11 , 0.96 , 1.7365 , 0.0179 , 1.7457 , 0.0101 , 33.628
2021-12-31 21:58:21 , 0.963 , 1.4746 , 0.2428 , 1.4465 , 0.2594 , 33.628
2021-12-31 21:58:32 , 0.966 , 0.4592 , 1.1714 , 0.4399 , 1.2235 , 33.628
2021-12-31 21:58:42 , 0.969 , 0.1134 , 1.7003 , 0.1177 , 1.6939 , 33.09
2021-12-31 21:58:52 , 0.971 , 0.0825 , 1.643 , 0.0689 , 1.6406 , 33.09
2021-12-31 21:59:02 , 0.974 , 0.6639 , 0.7086 , 0.6933 , 0.6864 , 33.628
2021-12-31 21:59:13 , 0.977 , 1.7343 , 0.0291 , 1.7428 , 0.0202 , 32.552
2021-12-31 21:59:23 , 0.98 , 1.0411 , 0.4369 , 1.0117 , 0.4605 , 33.628
2021-12-31 21:59:33 , 0.983 , 0.052 , 1.737 , 0.0375 , 1.7404 , 33.09
2021-12-31 21:59:43 , 0.986 , 0.984 , 0.524 , 1.0255 , 0.5041 , 33.09
2021-12-31 21:59:53 , 0.988 , 0.0041 , 1.7361 , -0.0173 , 1.7335 , 33.628
2021-12-31 22:00:05 , 0.992 , 0.1091 , 1.6424 , 0.0804 , 1.5816 , 34.704
2021-12-31 22:00:38 , 0.0 , 1.147 , 0.4674 , 1.1601 , 0.4482 , 27.172
2021-12-31 22:46:08 , 0.758 , 0.1691 , 1.6502 , 0.1761 , 1.6086 , 29.324
2021-12-31 22:46:18 , 0.761 , 0.2275 , 1.604 , 0.2113 , 1.6177 , 27.172
2021-12-31 22:46:28 , 0.764 , 0.3141 , 1.4908 , 0.2933 , 1.5204 , 27.71
2021-12-31 22:46:39 , 0.767 , 0.0152 , 1.7376 , -0.011 , 1.7332 , 27.71
2021-12-31 22:46:49 , 0.77 , 0.0565 , 1.6664 , 0.0446 , 1.6513 , 27.71
2021-12-31 22:46:59 , 0.773 , 0.0956 , 1.6323 , 0.0906 , 1.6137 , 28.248
2021-12-31 22:47:09 , 0.775 , 0.0139 , 1.7185 , -0.0046 , 1.7095 , 28.248
2021-12-31 22:47:20 , 0.778 , 0.0596 , 1.6975 , 0.0896 , 1.6213 , 29.324
2021-12-31 22:47:30 , 0.781 , 1.72 , 0.0115 , 1.7201 , 0.0116 , 29.324
2021-12-31 22:47:40 , 0.784 , 1.6883 , 0.1183 , 1.692 , 0.1123 , 29.324
2021-12-31 22:47:50 , 0.787 , 1.5703 , 0.2549 , 1.5827 , 0.2338 , 29.862
2021-12-31 22:48:00 , 0.79 , 1.4416 , 0.3263 , 1.4756 , 0.3048 , 29.862
2021-12-31 22:48:11 , 0.792 , 1.627 , 0.098 , 1.624 , 0.0907 , 29.862
2021-12-31 22:48:21 , 0.795 , 1.7384 , 0.0146 , 1.7475 , 0.0099 , 29.862
2021-12-31 22:48:31 , 0.798 , 1.7085 , 0.0859 , 1.7167 , 0.0742 , 29.862
2021-12-31 22:48:41 , 0.801 , 1.5267 , 0.2779 , 1.5501 , 0.257 , 29.862
2021-12-31 22:48:52 , 0.804 , 0.667 , 0.7083 , 0.7097 , 0.6776 , 30.4
2021-12-31 22:49:02 , 0.807 , 0.8404 , 0.6078 , 0.8472 , 0.5955 , 30.938
2021-12-31 22:49:12 , 0.809 , 1.7395 , 0.0186 , 1.7486 , 0.0162 , 30.4
2021-12-31 22:49:22 , 0.812 , 1.1656 , 0.4475 , 1.2076 , 0.428 , 31.476
2021-12-31 22:49:32 , 0.815 , 0.4207 , 1.0486 , 0.4408 , 1.0027 , 30.4
2021-12-31 22:49:43 , 0.818 , 0.0194 , 1.7266 , -0.0083 , 1.7215 , 31.476
2021-12-31 22:49:53 , 0.821 , 0.2145 , 1.6152 , 0.4039 , 1.337 , 31.476
2021-12-31 22:50:03 , 0.824 , 0.0562 , 1.7358 , 0.0457 , 1.7389 , 31.476
2021-12-31 22:50:13 , 0.827 , 1.2061 , 0.4345 , 1.2288 , 0.4276 , 31.476
2021-12-31 22:50:23 , 0.829 , 0.9497 , 0.5457 , 0.9868 , 0.5303 , 32.014
2021-12-31 22:50:34 , 0.832 , 0.6379 , 0.7357 , 0.6767 , 0.7041 , 31.476
2021-12-31 22:50:44 , 0.835 , 0.4002 , 1.0905 , 0.4199 , 1.0471 , 31.476
2021-12-31 22:50:54 , 0.838 , 0.2021 , 1.5248 , 0.2068 , 1.4968 , 31.476
2021-12-31 22:51:04 , 0.841 , 0.0736 , 1.7243 , 0.0626 , 1.7295 , 32.014
2021-12-31 22:51:15 , 0.844 , 0.5028 , 1.08 , 0.4848 , 1.1264 , 31.476
2021-12-31 22:51:25 , 0.846 , 0.2435 , 1.5873 , 0.2293 , 1.6033 , 32.014
2021-12-31 22:51:35 , 0.849 , 0.3267 , 1.4683 , 0.3067 , 1.5036 , 32.552
2021-12-31 22:51:45 , 0.852 , 0.3479 , 1.4345 , 0.3264 , 1.4715 , 32.552
2021-12-31 22:51:55 , 0.855 , 0.3648 , 1.3526 , 0.3684 , 1.3955 , 32.552
2021-12-31 22:52:06 , 0.858 , 0.4916 , 0.9137 , 0.483 , 0.9278 , 32.552
2021-12-31 22:52:16 , 0.861 , 0.1056 , 1.6243 , 0.1012 , 1.6045 , 32.014
2021-12-31 22:52:26 , 0.863 , 1.3342 , 0.381 , 1.3641 , 0.3771 , 32.552
2021-12-31 22:52:36 , 0.866 , 0.3281 , 1.2627 , 0.3424 , 1.2245 , 32.552
2021-12-31 22:52:47 , 0.869 , 0.9426 , 0.6949 , 1.0024 , 0.5668 , 33.628
2021-12-31 22:52:57 , 0.872 , 1.0979 , 0.4166 , 1.0568 , 0.4117 , 32.552
2021-12-31 22:53:07 , 0.875 , 0.4269 , 1.2428 , 0.4203 , 1.2551 , 33.09
2021-12-31 22:53:17 , 0.878 , 1.6342 , 0.0843 , 1.6221 , 0.1052 , 32.552
2021-12-31 22:53:27 , 0.88 , 1.6404 , 0.1724 , 1.6478 , 0.1585 , 32.552
2021-12-31 22:53:38 , 0.883 , 0.825 , 0.6054 , 0.8713 , 0.5818 , 32.552
2021-12-31 22:53:48 , 0.886 , 0.2584 , 1.4275 , 0.2702 , 1.3904 , 32.552
2021-12-31 22:53:58 , 0.889 , 0.0173 , 1.7435 , -0.0025 , 1.7403 , 32.552
2021-12-31 22:54:08 , 0.892 , 0.1441 , 1.6735 , 0.1392 , 1.6772 , 32.552
2021-12-31 22:54:18 , 0.895 , 0.6975 , 0.6785 , 0.689 , 0.6881 , 33.09
2021-12-31 22:54:29 , 0.897 , 0.4026 , 1.0877 , 0.4189 , 1.056 , 33.09
2021-12-31 22:54:39 , 0.9 , 0.2572 , 1.4271 , 0.2697 , 1.3877 , 32.552
2021-12-31 22:54:49 , 0.903 , 0.0117 , 1.7324 , -0.0075 , 1.7256 , 33.628
2021-12-31 22:54:59 , 0.906 , 0.2977 , 1.5185 , 0.2782 , 1.547 , 33.628
2021-12-31 22:55:10 , 0.909 , 0.5376 , 1.0145 , 0.513 , 1.0702 , 33.09
2021-12-31 22:55:20 , 0.912 , 0.688 , 0.6812 , 0.6953 , 0.7096 , 33.628
2021-12-31 22:55:30 , 0.914 , 1.6128 , 0.1162 , 1.5965 , 0.1365 , 33.628
2021-12-31 22:55:40 , 0.917 , 1.7073 , 0.0841 , 1.7173 , 0.0711 , 33.09
2021-12-31 22:55:50 , 0.92 , 1.5965 , 0.2185 , 1.6139 , 0.1982 , 33.628
2021-12-31 22:56:01 , 0.923 , 1.5815 , 0.2303 , 1.6025 , 0.2104 , 32.552
2021-12-31 22:56:11 , 0.926 , 1.465 , 0.3109 , 1.4997 , 0.2894 , 33.628
2021-12-31 22:56:21 , 0.929 , 0.9732 , 0.534 , 1.0175 , 0.5129 , 33.628
2021-12-31 22:56:31 , 0.932 , 1.1578 , 0.3808 , 1.1391 , 0.3934 , 33.628
2021-12-31 22:56:42 , 0.934 , 1.3016 , 0.3258 , 1.259 , 0.3448 , 33.628
2021-12-31 22:56:52 , 0.937 , 0.9035 , 0.5289 , 0.8589 , 0.5682 , 33.628
2021-12-31 22:57:02 , 0.94 , 0.0478 , 1.7406 , 0.0355 , 1.7418 , 33.09
2021-12-31 22:57:12 , 0.943 , 0.0745 , 1.7248 , 0.0599 , 1.7295 , 33.628
2021-12-31 22:57:22 , 0.946 , 0.1123 , 1.697 , 0.0977 , 1.7072 , 33.628
2021-12-31 22:57:33 , 0.949 , 0.2903 , 1.3657 , 0.2913 , 1.3587 , 33.09
2021-12-31 22:57:43 , 0.951 , 1.7178 , -0.0146 , 1.7182 , -0.0137 , 33.628
2021-12-31 22:57:53 , 0.954 , 1.7014 , -0.0037 , 1.7008 , 0.0055 , 33.09
2021-12-31 22:58:03 , 0.957 , 1.48 , 0.2362 , 1.4392 , 0.26 , 33.09
2021-12-31 22:58:13 , 0.96 , 1.0551 , 0.44 , 1.0056 , 0.4677 , 33.09
2021-12-31 22:58:24 , 0.963 , 0.5766 , 0.9304 , 0.5515 , 0.9864 , 33.09
2021-12-31 22:58:34 , 0.966 , 0.1649 , 1.6551 , 0.1479 , 1.6694 , 33.628
2021-12-31 22:58:44 , 0.968 , 0.0376 , 1.6845 , 0.015 , 1.6806 , 33.628
2021-12-31 22:58:54 , 0.971 , 0.1202 , 1.6096 , 0.1175 , 1.5864 , 33.628
2021-12-31 22:59:05 , 0.974 , 0.128 , 1.6036 , 0.1256 , 1.5785 , 33.628
2021-12-31 22:59:15 , 0.977 , 1.5333 , 0.2881 , 1.547 , 0.2814 , 33.628
2021-12-31 22:59:25 , 0.98 , 0.507 , 1.0621 , 0.5288 , 1.0163 , 33.09
2021-12-31 22:59:35 , 0.983 , 0.5422 , 0.9847 , 0.5428 , 0.9648 , 33.628
2021-12-31 22:59:45 , 0.985 , 0.2757 , 1.5456 , 0.2553 , 1.5743 , 33.628
2021-12-31 22:59:56 , 0.988 , 0.0241 , 1.7416 , 0.0063 , 1.7401 , 33.628
2021-12-31 23:00:07 , 0.991 , 1.395 , 0.2412 , 1.4522 , 0.2848 , 34.704
2021-12-31 23:00:40 , 0.0 , 0.7322 , 1.0232 , 0.4008 , 1.3585 , 27.71
2021-12-31 23:46:10 , 0.758 , 0.9835 , 0.7979 , 0.7995 , 0.9563 , 28.248
2021-12-31 23:46:21 , 0.761 , 0.2813 , 1.3882 , 0.2879 , 1.3644 , 27.71
2021-12-31 23:46:31 , 0.764 , 1.2901 , 0.3294 , 1.273 , 0.3321 , 27.172
2021-12-31 23:46:41 , 0.767 , 0.5744 , 0.8745 , 0.5861 , 0.8936 , 27.71
2021-12-31 23:46:51 , 0.77 , 0.2137 , 1.6123 , 0.2074 , 1.6186 , 27.71
2021-12-31 23:47:01 , 0.773 , 0.0395 , 1.7465 , 0.0221 , 1.7468 , 28.786
2021-12-31 23:47:12 , 0.775 , 1.6354 , 0.1868 , 1.6371 , 0.1802 , 28.248
2021-12-31 23:47:22 , 0.778 , 1.7089 , 0.0822 , 1.6953 , 0.1118 , 28.786
2021-12-31 23:47:32 , 0.781 , 1.6663 , 0.1431 , 1.6728 , 0.1395 , 29.324
2021-12-31 23:47:42 , 0.784 , 0.3556 , 1.2712 , 0.4364 , 1.1673 , 30.4
2021-12-31 23:47:53 , 0.787 , 1.1345 , 0.3931 , 1.1398 , 0.3921 , 30.4
2021-12-31 23:48:03 , 0.79 , 1.4712 , 0.2499 , 1.4585 , 0.2277 , 30.4
2021-12-31 23:48:13 , 0.792 , 0.0227 , 1.7042 , -0.0013 , 1.6992 , 30.4
2021-12-31 23:48:23 , 0.795 , 1.7349 , 0.0268 , 1.744 , 0.0245 , 30.4
2021-12-31 23:48:33 , 0.798 , 1.7131 , 0.078 , 1.7218 , 0.0741 , 30.4
2021-12-31 23:48:44 , 0.801 , 1.675 , 0.1325 , 1.6827 , 0.1208 , 30.4
2021-12-31 23:48:54 , 0.804 , 0.7656 , 0.6199 , 0.7605 , 0.6209 , 30.4
2021-12-31 23:49:04 , 0.807 , 1.1382 , 0.3916 , 1.1101 , 0.4054 , 30.938
2021-12-31 23:49:14 , 0.81 , 0.5564 , 1.0653 , 0.5453 , 1.0787 , 32.014
2021-12-31 23:49:24 , 0.812 , 0.1504 , 1.6668 , 0.1708 , 1.6495 , 31.476
2021-12-31 23:49:35 , 0.815 , 0.2469 , 1.587 , 0.244 , 1.588 , 31.476
2021-12-31 23:49:45 , 0.818 , 0.6408 , 0.7308 , 0.644 , 0.7264 , 31.476
2021-12-31 23:49:55 , 0.821 , 0.4131 , 1.0743 , 0.4185 , 1.0871 , 31.476
2021-12-31 23:50:05 , 0.824 , 0.1517 , 1.4932 , 0.1833 , 1.3902 , 32.014
2021-12-31 23:50:16 , 0.827 , 0.7665 , 0.6393 , 0.7978 , 0.6205 , 32.014
2021-12-31 23:50:26 , 0.829 , 0.8664 , 0.5839 , 0.8963 , 0.5708 , 31.476
2021-12-31 23:50:36 , 0.832 , 0.6839 , 0.6918 , 0.6918 , 0.6864 , 31.476
2021-12-31 23:50:46 , 0.835 , 1.231 , 0.3502 , 1.2276 , 0.3524 , 32.014
2021-12-31 23:50:56 , 0.838 , 0.051 , 1.7407 , 0.0384 , 1.7411 , 32.552
2021-12-31 23:51:07 , 0.841 , 0.2738 , 1.5635 , 0.2636 , 1.5709 , 32.014
2021-12-31 23:51:17 , 0.844 , 0.4191 , 1.27 , 0.4042 , 1.3145 , 32.014
2021-12-31 23:51:27 , 0.846 , 0.4526 , 1.1965 , 0.4361 , 1.238 , 32.014
2021-12-31 23:51:37 , 0.849 , 0.6075 , 0.8579 , 0.5896 , 0.8942 , 32.014
2021-12-31 23:51:47 , 0.852 , 0.8501 , 0.5555 , 0.8221 , 0.5858 , 32.552
2021-12-31 23:51:58 , 0.855 , 0.9293 , 0.5025 , 0.8932 , 0.529 , 32.552
2021-12-31 23:52:08 , 0.858 , 0.8137 , 0.5756 , 0.7911 , 0.5782 , 32.552
2021-12-31 23:52:18 , 0.861 , 1.4305 , 0.267 , 1.4078 , 0.2772 , 32.552
2021-12-31 23:52:28 , 0.863 , 1.6288 , 0.0919 , 1.6188 , 0.1102 , 32.552
2021-12-31 23:52:39 , 0.866 , 1.6792 , 0.1272 , 1.6883 , 0.1175 , 32.552
2021-12-31 23:52:49 , 0.869 , 1.4761 , 0.3139 , 1.501 , 0.2974 , 32.552
2021-12-31 23:52:59 , 0.872 , 0.7599 , 0.6445 , 0.7944 , 0.6261 , 33.09
2021-12-31 23:53:09 , 0.875 , 0.3996 , 1.0908 , 0.413 , 1.055 , 32.552
2021-12-31 23:53:19 , 0.878 , 0.318 , 1.2687 , 0.3338 , 1.3518 , 32.552
2021-12-31 23:53:30 , 0.88 , 0.3866 , 1.1334 , 0.3891 , 1.1202 , 33.09
2021-12-31 23:53:40 , 0.883 , 0.047 , 1.7437 , 0.0272 , 1.7446 , 33.09
2021-12-31 23:53:50 , 0.886 , 0.5086 , 1.0626 , 0.4923 , 1.1017 , 32.552
2021-12-31 23:54:00 , 0.889 , 1.1824 , 0.3713 , 1.1502 , 0.3861 , 32.552
2021-12-31 23:54:11 , 0.892 , 1.6532 , 0.0549 , 1.6463 , 0.0667 , 33.09
2021-12-31 23:54:21 , 0.895 , 1.7167 , -0.0135 , 1.7182 , -0.01 , 32.552
2021-12-31 23:54:31 , 0.897 , 1.74 , 0.0059 , 1.748 , 0.0006 , 33.09
2021-12-31 23:54:41 , 0.9 , 1.7228 , 0.064 , 1.7316 , 0.0584 , 33.628
2021-12-31 23:54:51 , 0.903 , 1.0968 , 0.4828 , 1.1096 , 0.478 , 32.552
2021-12-31 23:55:02 , 0.906 , 0.1237 , 1.6111 , 0.1217 , 1.5948 , 33.09
2021-12-31 23:55:12 , 0.909 , 0.065 , 1.7312 , 0.0535 , 1.7354 , 33.09
2021-12-31 23:55:22 , 0.912 , 0.2543 , 1.5805 , 0.2398 , 1.5972 , 32.552
2021-12-31 23:55:32 , 0.915 , 0.4701 , 1.1599 , 0.4495 , 1.2086 , 33.628
2021-12-31 23:55:42 , 0.917 , 1.0436 , 0.4376 , 1.0073 , 0.4578 , 33.628
2021-12-31 23:55:53 , 0.92 , 1.7037 , 0.0883 , 1.7105 , 0.0917 , 33.09
2021-12-31 23:56:03 , 0.923 , 1.2178 , 0.4283 , 1.2606 , 0.4095 , 33.628
2021-12-31 23:56:13 , 0.926 , 0.4792 , 0.9577 , 0.4637 , 0.9557 , 33.09
2021-12-31 23:56:23 , 0.929 , 0.2062 , 1.5357 , 0.2036 , 1.5373 , 34.166
2021-12-31 23:56:34 , 0.932 , 1.6669 , 0.1506 , 1.6699 , 0.1456 , 33.628
2021-12-31 23:56:44 , 0.934 , 0.839 , 0.5416 , 0.8319 , 0.5385 , 33.628
2021-12-31 23:56:54 , 0.937 , 0.6524 , 1.09 , 0.4907 , 1.2356 , 33.628
2021-12-31 23:57:04 , 0.94 , 0.7608 , 0.6432 , 0.7771 , 0.6415 , 33.628
2021-12-31 23:57:14 , 0.943 , 0.0767 , 1.7276 , 0.0692 , 1.7282 , 33.628
2021-12-31 23:57:25 , 0.946 , 1.5592 , 0.1834 , 1.5423 , 0.1987 , 33.628
2021-12-31 23:57:35 , 0.949 , 1.5577 , 0.2595 , 1.5747 , 0.2425 , 33.628
2021-12-31 23:57:45 , 0.951 , 0.3551 , 1.1918 , 0.3689 , 1.1536 , 33.628
2021-12-31 23:57:55 , 0.954 , 0.1881 , 1.6387 , 0.1748 , 1.6498 , 33.628
2021-12-31 23:58:06 , 0.957 , 1.6319 , 0.0888 , 1.6209 , 0.1082 , 33.628
2021-12-31 23:58:16 , 0.96 , 1.0083 , 0.5211 , 1.0292 , 0.5152 , 33.628
2021-12-31 23:58:26 , 0.963 , 0.0713 , 1.6544 , 0.0601 , 1.6432 , 34.166
2021-12-31 23:58:36 , 0.966 , 0.1623 , 1.6593 , 0.1535 , 1.6683 , 33.628
2021-12-31 23:58:46 , 0.968 , 0.7023 , 0.6982 , 0.684 , 0.7305 , 33.09
2021-12-31 23:58:57 , 0.971 , 1.7186 , -0.015 , 1.7218 , -0.0142 , 33.628
2021-12-31 23:59:07 , 0.974 , 0.9124 , 0.5644 , 0.9462 , 0.5469 , 33.628
2021-12-31 23:59:17 , 0.977 , 0.1195 , 1.6983 , 0.1059 , 1.6993 , 33.628
2021-12-31 23:59:27 , 0.98 , 0.0938 , 1.635 , 0.0863 , 1.6354 , 33.628
2021-12-31 23:59:37 , 0.983 , 0.8326 , 0.5574 , 0.8123 , 0.5813 , 33.628
2021-12-31 23:59:48 , 0.985 , 1.6363 , 0.184 , 1.6428 , 0.1703 , 33.628
2021-12-31 23:59:58 , 0.988 , 0.2686 , 1.4036 , 0.2794 , 1.3713 , 33.628
